A_0	A_1	R_0	R_1	R_2	R_3	Phenotype	Fitness	Accuracy	Numerosity	AveMatchSetSize	TimeStampGA	InitTimeStamp	Specificity	DeletionProb	CorrectCount	MatchCount
0	#	#	#	#	#	1	0.032847322599271804	0.5050100200400801	2	0	999	0	0.16666666666666666	0	252	499
#	1	0	#	#	0	0	0.23410655790434154	0.7479674796747967	17	0	977	2	0.5	0	92	123
#	#	0	0	1	1	0	0.03381015364324406	0.5079365079365079	3	0	964	3	0.6666666666666666	0	32	63
#	#	0	0	#	1	0	0.09233050268659077	0.6209677419354839	5	0	969	3	0.5	0	77	124
#	1	0	0	#	0	0	1.0	1.0	11	0	977	3	0.6666666666666666	0	61	61
0	1	0	0	#	0	0	1.0	1.0	11	0	977	4	0.8333333333333334	0	31	31
0	#	#	#	0	#	0	0.029397769952399615	0.4939271255060729	2	0	974	5	0.3333333333333333	0	122	247
#	#	0	#	0	1	0	0.09233050268659077	0.6209677419354839	3	0	998	5	0.5	0	77	124
0	#	#	0	1	1	0	0.21848085858476907	0.7377049180327869	4	0	964	5	0.6666666666666666	0	45	61
1	#	#	#	0	#	0	0.23573313881042518	0.749003984063745	3	0	998	6	0.3333333333333333	0	188	251
1	1	0	#	0	0	0	1.0	1.0	7	0	962	6	0.8333333333333334	0	30	30
1	#	#	0	#	#	0	0.030632430555994714	0.49800796812749004	2	0	986	6	0.3333333333333333	0	125	251
0	0	0	#	#	#	0	1.0	1.0	14	0	968	8	0.5	0	121	121
0	0	0	#	#	0	0	1.0	1.0	7	0	968	8	0.6666666666666666	0	60	60
#	1	0	#	#	#	0	0.029383019934323514	0.49387755102040815	4	0	977	8	0.3333333333333333	0	121	245
0	#	#	#	0	0	1	0.03389684629935409	0.5081967213114754	2	0	996	10	0.5	0	62	122
0	#	0	#	0	1	0	0.21848085858476907	0.7377049180327869	4	0	965	12	0.6666666666666666	0	45	61
0	#	1	#	1	#	0	0.0009765625	0.25	1	0	973	13	0.5	0	31	124
#	#	0	#	0	0	1	3.879723361468997e-05	0.13114754098360656	2	0	996	15	0.5	0	16	122
#	#	#	#	0	1	0	0.030000163240177628	0.4959349593495935	1	0	998	15	0.3333333333333333	0	122	246
#	1	#	#	#	0	0	0.2373046875	0.75	3	0	984	16	0.3333333333333333	0	183	244
1	#	0	0	#	#	0	0.028809833557247734	0.49193548387096775	5	0	986	16	0.5	0	61	124
0	#	#	#	0	#	1	0.032562843612755486	0.5041322314049587	1	0	996	17	0.3333333333333333	0	122	242
0	#	1	#	1	0	0	0.0008990981834764156	0.2459016393442623	1	0	973	17	0.6666666666666666	0	15	61
#	#	#	#	0	0	0	0.2373046875	0.75	3	0	986	19	0.3333333333333333	0	183	244
#	1	#	#	#	#	0	0.029678394733039702	0.4948665297741273	3	0	984	19	0.16666666666666666	0	241	487
1	0	#	#	#	1	1	0.03381015364324406	0.5079365079365079	2	0	994	20	0.5	0	64	126
#	1	#	0	#	#	0	0.22927753629156852	0.7448559670781894	5	0	984	20	0.3333333333333333	0	181	243
1	#	0	0	#	0	0	0.22481780895283973	0.7419354838709677	3	0	986	20	0.6666666666666666	0	46	62
#	#	#	#	0	0	1	0.0009968224423024293	0.25102880658436216	1	0	996	21	0.3333333333333333	0	61	243
#	#	#	#	#	1	0	0.007069302076515739	0.37142857142857144	1	0	998	22	0.16666666666666666	0	182	490
1	0	0	0	1	1	1	1.0	1.0	2	0	994	22	1.0	0	16	16
0	0	#	#	#	#	0	0.030607017888939207	0.4979253112033195	2	0	968	23	0.3333333333333333	0	120	241
#	0	0	#	#	1	1	0.0010592764468548154	0.2540983606557377	2	0	994	23	0.5	0	31	122
#	1	1	#	0	1	1	0.2503403425672665	0.7580645161290323	3	0	997	25	0.6666666666666666	0	47	62
0	1	#	0	#	0	0	1.0	1.0	9	0	977	26	0.6666666666666666	0	60	60
#	1	0	#	#	1	0	0.0008990981834764156	0.2459016393442623	2	0	964	27	0.5	0	30	122
#	#	1	0	0	1	0	0.03125	0.5	2	0	974	27	0.6666666666666666	0	30	60
#	1	#	#	#	1	1	0.24222785347949022	0.7530864197530864	1	0	997	28	0.3333333333333333	0	183	243
1	#	1	#	#	1	1	0.23089142719765482	0.7459016393442623	1	0	997	29	0.5	0	91	122
#	#	0	#	0	0	0	0.4920617918445125	0.8677685950413223	3	0	986	29	0.5	0	105	121
1	0	1	#	#	#	1	0.03389684629935409	0.5081967213114754	1	0	995	32	0.5	0	62	122
#	#	#	0	1	1	0	0.0071143580304763795	0.371900826446281	1	0	964	32	0.5	0	45	121
1	#	0	#	#	0	1	0.0011037777050114763	0.256198347107438	1	0	993	33	0.5	0	31	121
#	0	1	#	#	0	0	0.0008990981834764156	0.2459016393442623	1	0	981	33	0.5	0	30	122
1	1	#	#	#	#	0	0.030607017888939207	0.4979253112033195	1	0	984	33	0.3333333333333333	0	120	241
0	1	0	#	0	0	1	0.03662616470883121	0.5161290322580645	1	0	996	34	0.8333333333333334	0	16	31
#	#	#	#	#	1	1	0.0949723724009969	0.6244813278008299	2	0	997	34	0.16666666666666666	0	301	482
1	0	1	0	#	1	1	0.03125	0.5	2	0	989	35	0.8333333333333334	0	15	30
#	#	0	1	1	#	0	0.007415771484375	0.375	1	0	957	35	0.5	0	45	120
#	1	0	#	#	0	1	0.0009765625	0.25	1	0	996	38	0.5	0	30	120
#	1	#	#	0	0	0	0.2373046875	0.75	7	0	984	38	0.5	0	90	120
0	1	#	#	#	#	1	0.03125	0.5	1	0	996	39	0.3333333333333333	0	120	240
#	#	0	#	1	1	1	0.095367431640625	0.625	1	0	994	40	0.5	0	75	120
#	1	#	0	#	0	0	1.0	1.0	8	0	984	40	0.5	0	120	120
0	#	#	#	0	1	1	0.03125	0.5	1	0	990	42	0.5	0	60	120
#	1	0	0	0	0	0	1.0	1.0	9	0	955	46	0.8333333333333334	0	30	30
0	1	0	#	#	0	1	0.03125	0.5	1	0	996	46	0.6666666666666666	0	30	60
0	#	0	#	#	1	0	0.23399965993447927	0.7478991596638656	2	0	965	51	0.5	0	89	119
#	0	0	#	1	#	1	0.03125	0.5	1	0	994	51	0.5	0	59	118
#	1	1	0	#	0	0	1.0	1.0	7	0	984	53	0.6666666666666666	0	59	59
0	1	0	0	1	0	0	1.0	1.0	11	0	977	54	1.0	0	15	15
0	#	#	0	0	1	0	0.23067648453224557	0.7457627118644068	3	0	974	57	0.6666666666666666	0	44	59
#	#	0	#	#	1	0	0.03125	0.5	1	0	998	57	0.3333333333333333	0	118	236
0	0	0	0	#	0	0	1.0	1.0	7	0	968	58	0.8333333333333334	0	29	29
0	0	0	#	1	#	0	1.0	1.0	6	0	968	61	0.6666666666666666	0	58	58
1	#	0	0	0	0	0	1.0	1.0	12	0	986	62	0.8333333333333334	0	29	29
0	#	#	0	0	1	1	0.001156954627456512	0.25862068965517243	1	0	975	63	0.6666666666666666	0	15	58
#	1	#	0	0	1	0	0.0286899592428037	0.4915254237288136	1	0	974	64	0.6666666666666666	0	29	59
#	#	1	0	#	0	0	0.09298733298789365	0.6218487394957983	3	0	984	64	0.5	0	74	119
0	1	0	0	0	1	0	1.0	1.0	4	0	959	65	1.0	0	14	14
0	#	#	0	#	0	0	0.22733534048886378	0.7435897435897436	10	0	977	65	0.5	0	87	117
#	#	#	0	0	1	0	0.08825375108068294	0.6153846153846154	3	0	974	69	0.5	0	72	117
#	1	1	1	0	1	1	1.0	1.0	5	0	997	70	0.8333333333333334	0	30	30
0	#	#	#	0	1	0	0.028647341960904404	0.49137931034482757	2	0	974	71	0.5	0	57	116
#	#	0	0	0	0	0	1.0	1.0	7	0	986	71	0.6666666666666666	0	57	57
#	#	1	#	0	1	0	0.007208640141632674	0.3728813559322034	2	0	991	72	0.5	0	44	118
0	#	0	#	0	#	0	0.21720617794361205	0.7368421052631579	4	0	965	74	0.5	0	84	114
0	1	0	0	#	#	0	1.0	1.0	7	0	977	74	0.6666666666666666	0	57	57
1	0	#	#	0	0	0	1.0	1.0	3	0	986	75	0.6666666666666666	0	59	59
0	1	0	#	#	1	0	0.026221056655577907	0.4827586206896552	2	0	964	75	0.6666666666666666	0	28	58
#	#	1	#	0	1	1	0.09455510731583265	0.6239316239316239	1	0	997	76	0.5	0	73	117
#	1	0	1	#	1	0	0.0	0.0	1	0	76	76	0.6666666666666666	0	0	58
#	#	1	0	#	1	0	0.006705219033985611	0.36752136752136755	1	0	974	77	0.5	0	43	117
#	#	0	0	#	0	0	0.49717673529828965	0.8695652173913043	8	0	986	78	0.5	0	100	115
1	#	0	0	1	1	0	0.0	0.0	1	0	78	78	0.8333333333333334	0	0	29
1	0	0	0	#	0	0	0.03125	0.5	3	0	986	80	0.8333333333333334	0	15	30
0	#	#	0	#	1	0	0.22698868709122902	0.7433628318584071	5	0	974	80	0.5	0	84	113
#	1	0	0	0	0	1	0.0	0.0	2	0	81	81	0.8333333333333334	0	0	28
0	0	0	#	0	0	0	1.0	1.0	7	0	954	82	0.8333333333333334	0	28	28
#	#	0	#	1	#	1	0.03408911379396854	0.5087719298245614	1	0	994	82	0.3333333333333333	0	116	228
#	#	#	0	1	1	1	0.10049355861780968	0.631578947368421	2	0	994	83	0.5	0	72	114
1	0	#	#	1	0	0	0.0	0.0	1	0	84	84	0.6666666666666666	0	0	59
#	0	0	0	#	0	0	0.22397642588184608	0.7413793103448276	3	0	986	88	0.6666666666666666	0	43	58
1	0	0	0	1	1	0	0.0	0.0	2	0	88	88	1.0	0	0	15
0	0	0	#	1	#	1	0.0	0.0	1	0	89	89	0.6666666666666666	0	0	56
#	#	0	#	#	0	0	0.2287200499013196	0.7444933920704846	4	0	986	89	0.3333333333333333	0	169	227
0	0	0	#	0	#	0	1.0	1.0	5	0	965	90	0.6666666666666666	0	56	56
1	0	#	#	#	0	0	0.027381102641670905	0.48695652173913045	1	0	986	90	0.5	0	56	115
#	#	0	#	0	#	0	0.2287200499013196	0.7444933920704846	6	0	998	92	0.3333333333333333	0	169	227
1	1	1	0	1	0	0	1.0	1.0	4	0	967	93	1.0	0	14	14
#	0	#	0	#	1	1	0.032657434234869644	0.504424778761062	1	0	994	93	0.5	0	57	113
#	1	1	0	1	0	0	1.0	1.0	2	0	973	94	0.8333333333333334	0	28	28
0	1	0	#	#	#	0	0.029891514349462245	0.49557522123893805	5	0	977	97	0.5	0	56	113
#	0	1	0	#	1	1	0.2373046875	0.75	1	0	989	98	0.6666666666666666	0	42	56
1	1	#	0	0	0	0	1.0	1.0	8	0	984	98	0.8333333333333334	0	28	28
1	0	0	#	0	0	0	1.0	1.0	4	0	986	102	0.8333333333333334	0	28	28
#	1	#	0	0	0	0	1.0	1.0	4	0	984	106	0.6666666666666666	0	56	56
0	#	0	0	#	#	0	1.0	1.0	9	0	977	106	0.5	0	111	111
#	0	0	#	#	#	0	0.239099722336155	0.751131221719457	3	0	998	110	0.3333333333333333	0	166	221
0	#	0	#	0	0	0	0.23020027395048778	0.7454545454545455	3	0	954	110	0.6666666666666666	0	41	55
0	1	#	#	0	#	0	0.03125	0.5	2	0	974	111	0.5	0	56	112
1	1	0	0	#	0	0	1.0	1.0	5	0	955	111	0.8333333333333334	0	27	27
#	0	0	#	#	#	1	0.0009765625	0.25	1	0	994	113	0.3333333333333333	0	55	220
0	1	0	#	0	#	0	0.03125	0.5	4	0	959	114	0.6666666666666666	0	28	56
#	0	#	#	#	#	0	0.030898879970742355	0.49887133182844245	4	0	998	114	0.16666666666666666	0	221	443
#	0	#	0	1	#	1	0.2373046875	0.75	2	0	994	116	0.5	0	84	112
1	1	0	0	#	1	0	0.0	0.0	1	0	116	116	0.8333333333333334	0	0	28
#	0	#	#	#	0	0	0.03054935585203235	0.497737556561086	1	0	986	118	0.3333333333333333	0	110	221
1	1	#	0	0	#	0	0.03125	0.5	2	0	984	118	0.6666666666666666	0	28	56
#	1	0	#	0	1	0	0.001068628446889494	0.2545454545454545	3	0	959	119	0.6666666666666666	0	14	55
1	#	0	#	1	0	0	0.03125	0.5	4	0	957	119	0.6666666666666666	0	27	54
0	1	#	0	0	0	0	1.0	1.0	7	0	953	122	0.8333333333333334	0	26	26
0	1	0	#	0	1	0	0.03125	0.5	4	0	959	123	0.8333333333333334	0	14	28
#	#	1	1	#	1	1	0.5029045174006084	0.8715596330275229	3	0	997	123	0.5	0	95	109
#	0	0	0	#	#	0	0.23020027395048778	0.7454545454545455	5	0	986	124	0.5	0	82	110
1	1	#	#	0	#	0	0.03125	0.5	3	0	984	124	0.5	0	55	110
#	0	0	#	0	#	0	1.0	1.0	7	0	998	126	0.5	0	108	108
#	#	#	#	0	#	0	0.09277137810582961	0.6215596330275229	3	0	998	127	0.16666666666666666	0	271	436
1	0	#	#	#	#	0	0.03054935585203235	0.497737556561086	3	0	998	127	0.3333333333333333	0	110	221
#	1	#	0	#	1	1	0.032737831621428674	0.5046728971962616	1	0	988	132	0.5	0	54	107
0	1	#	0	1	1	0	1.0	1.0	6	0	964	134	0.8333333333333334	0	26	26
0	#	0	0	1	0	0	1.0	1.0	4	0	977	135	0.8333333333333334	0	28	28
0	0	#	0	1	0	0	0.03125	0.5	1	0	968	138	0.8333333333333334	0	13	26
0	1	0	#	#	0	0	0.03125	0.5	5	0	977	140	0.6666666666666666	0	27	54
0	#	0	0	0	1	0	1.0	1.0	6	0	959	141	0.8333333333333334	0	26	26
0	1	#	0	#	1	0	1.0	1.0	5	0	974	141	0.6666666666666666	0	53	53
#	#	0	#	#	#	0	0.0896872580745882	0.6173708920187794	1	0	998	142	0.16666666666666666	0	263	426
#	0	1	1	0	1	1	0.02587604756236833	0.48148148148148145	1	0	945	142	0.8333333333333334	0	13	27
0	0	0	#	0	#	1	0.0	0.0	1	0	143	143	0.6666666666666666	0	0	52
0	1	1	1	0	1	1	1.0	1.0	4	0	972	145	1.0	0	13	13
#	1	1	0	0	0	0	1.0	1.0	4	0	984	146	0.8333333333333334	0	27	27
#	1	#	0	1	0	0	1.0	1.0	3	0	977	146	0.6666666666666666	0	52	52
0	0	#	0	#	0	0	0.03125	0.5	3	0	968	148	0.6666666666666666	0	26	52
0	1	0	0	#	1	0	1.0	1.0	7	0	964	149	0.8333333333333334	0	26	26
#	1	#	0	0	#	0	0.2193898685978784	0.7383177570093458	4	0	984	151	0.5	0	79	107
1	1	#	0	#	#	0	0.02981676068313592	0.4953271028037383	1	0	984	151	0.5	0	53	107
0	#	0	0	#	0	1	0.0	0.0	1	0	153	153	0.6666666666666666	0	0	52
#	1	1	#	0	#	1	0.032766711146467724	0.5047619047619047	2	0	997	154	0.5	0	53	105
1	1	0	0	1	0	0	1.0	1.0	7	0	941	159	1.0	0	13	13
0	1	#	0	1	0	0	1.0	1.0	5	0	977	160	0.8333333333333334	0	26	26
1	0	0	0	0	0	0	1.0	1.0	7	0	986	161	1.0	0	13	13
0	1	#	#	#	0	0	0.02978998076688114	0.49523809523809526	5	0	977	161	0.5	0	52	105
#	1	1	1	0	#	1	0.24486155808474971	0.7547169811320755	2	0	997	164	0.6666666666666666	0	40	53
0	1	#	0	#	0	1	0.0	0.0	1	0	166	166	0.6666666666666666	0	0	52
0	1	#	#	0	0	0	0.03125	0.5	4	0	953	170	0.6666666666666666	0	26	52
#	0	0	0	0	0	0	1.0	1.0	7	0	986	170	0.8333333333333334	0	25	25
0	#	0	0	0	#	0	1.0	1.0	9	0	959	171	0.6666666666666666	0	51	51
0	0	0	1	#	#	0	1.0	1.0	4	0	965	171	0.6666666666666666	0	52	52
#	0	0	1	0	#	0	1.0	1.0	6	0	998	172	0.6666666666666666	0	52	52
#	#	0	0	#	#	0	0.23157296101708014	0.7463414634146341	5	0	986	174	0.3333333333333333	0	153	205
1	1	#	#	0	0	0	1.0	1.0	4	0	984	174	0.6666666666666666	0	52	52
#	1	#	0	1	1	0	0.028304087807184866	0.49019607843137253	1	0	964	177	0.6666666666666666	0	25	51
#	0	0	1	0	1	0	1.0	1.0	1	0	998	178	0.8333333333333334	0	26	26
0	1	#	1	#	#	1	1.0	1.0	2	0	996	178	0.5	0	104	104
#	0	#	0	1	1	1	0.2373046875	0.75	2	0	994	179	0.6666666666666666	0	39	52
1	1	1	1	0	#	1	0.03125	0.5	2	0	997	179	0.8333333333333334	0	13	26
#	1	#	1	#	0	1	0.029762181234695106	0.49514563106796117	2	0	996	180	0.5	0	51	103
0	1	#	0	0	#	0	1.0	1.0	6	0	974	180	0.6666666666666666	0	51	51
1	1	0	0	0	0	0	1.0	1.0	13	0	955	182	1.0	0	13	13
1	#	1	0	1	0	0	0.03125	0.5	3	0	967	182	0.8333333333333334	0	13	26
#	#	0	#	0	1	1	0.007176573287964945	0.37254901960784315	2	0	990	183	0.5	0	38	102
0	0	0	0	1	#	0	1.0	1.0	8	0	968	188	0.8333333333333334	0	26	26
#	1	#	#	#	1	0	0.001051648467714926	0.2537313432835821	1	0	974	188	0.3333333333333333	0	51	201
1	0	0	0	#	1	1	0.03125	0.5	2	0	994	191	0.8333333333333334	0	13	26
0	0	0	0	1	0	0	1.0	1.0	5	0	968	191	1.0	0	13	13
0	1	#	#	1	1	1	0.03125	0.5	3	0	987	192	0.6666666666666666	0	25	50
#	1	1	#	#	0	0	0.2575412249143059	0.7623762376237624	1	0	984	192	0.5	0	77	101
1	0	#	0	1	#	1	1.0	1.0	4	0	994	193	0.6666666666666666	0	52	52
0	0	#	#	0	0	0	0.028188749379596083	0.4897959183673469	2	0	954	195	0.6666666666666666	0	24	49
0	1	0	1	#	#	1	1.0	1.0	6	0	996	195	0.6666666666666666	0	51	51
#	0	0	#	0	#	1	0.0	0.0	2	0	197	197	0.5	0	0	99
0	0	0	1	0	#	0	1.0	1.0	7	0	965	199	0.8333333333333334	0	24	24
#	0	0	1	#	1	0	0.22190066239999998	0.74	2	0	998	199	0.6666666666666666	0	37	50
1	1	0	#	0	0	1	0.0	0.0	1	0	200	200	0.8333333333333334	0	0	24
0	#	0	#	#	0	0	0.2293421724933147	0.7448979591836735	3	0	977	201	0.5	0	73	98
0	1	0	0	1	1	0	1.0	1.0	2	0	964	202	1.0	0	12	12
#	#	1	1	0	1	1	0.22190066239999998	0.74	2	0	997	206	0.6666666666666666	0	37	50
#	#	#	1	#	#	1	0.09706087489236397	0.6272040302267002	1	0	999	207	0.16666666666666666	0	249	397
1	0	1	0	1	#	1	1.0	1.0	4	0	992	207	0.8333333333333334	0	26	26
#	0	#	1	#	#	1	0.03367762733403929	0.507537688442211	2	0	999	209	0.3333333333333333	0	101	199
1	#	0	#	0	#	0	0.23333647121053863	0.7474747474747475	1	0	998	210	0.5	0	74	99
1	0	0	1	0	0	0	1.0	1.0	2	0	958	211	1.0	0	12	12
1	1	0	#	#	0	0	1.0	1.0	3	0	962	213	0.6666666666666666	0	48	48
1	#	0	0	0	0	1	0.0	0.0	1	0	216	216	0.8333333333333334	0	0	25
#	1	1	#	#	#	0	0.030448760638390616	0.49740932642487046	2	0	984	220	0.3333333333333333	0	96	193
1	1	0	0	#	#	0	0.03125	0.5	2	0	955	221	0.6666666666666666	0	24	48
1	#	0	0	0	#	0	0.2373046875	0.75	6	0	986	222	0.6666666666666666	0	36	48
0	#	0	#	#	#	0	0.23122027609777873	0.7461139896373057	1	0	977	223	0.3333333333333333	0	144	193
0	1	1	0	#	#	0	1.0	1.0	3	0	974	224	0.6666666666666666	0	48	48
0	#	0	0	0	0	0	1.0	1.0	8	0	953	225	0.8333333333333334	0	24	24
#	#	0	1	0	1	0	0.03457161303360777	0.5102040816326531	1	0	998	226	0.6666666666666666	0	25	49
#	#	#	0	#	0	0	0.2373046875	0.75	4	0	986	227	0.3333333333333333	0	144	192
0	1	0	0	0	#	0	1.0	1.0	6	0	959	228	0.8333333333333334	0	24	24
#	#	0	0	#	#	1	0.0009765625	0.25	1	0	994	229	0.3333333333333333	0	48	192
#	0	0	#	0	0	1	0.0	0.0	1	0	235	235	0.6666666666666666	0	0	47
0	0	0	0	0	#	0	1.0	1.0	4	0	942	236	0.8333333333333334	0	23	23
0	#	0	1	0	#	1	0.03125	0.5	1	0	996	239	0.6666666666666666	0	24	48
#	0	#	#	#	1	0	0.030440458544253514	0.4973821989528796	2	0	998	239	0.3333333333333333	0	95	191
#	1	1	#	#	#	1	0.03125	0.5	1	0	997	241	0.3333333333333333	0	95	190
#	1	#	1	0	0	0	0.03125	0.5	1	0	966	241	0.6666666666666666	0	24	48
1	#	0	#	1	1	1	1.0	1.0	6	0	994	243	0.6666666666666666	0	47	47
0	0	0	#	1	0	0	1.0	1.0	4	0	968	245	0.8333333333333334	0	23	23
0	#	0	0	1	#	0	1.0	1.0	4	0	977	246	0.6666666666666666	0	48	48
1	0	#	#	1	#	1	1.0	1.0	4	0	995	247	0.5	0	95	95
#	#	0	0	1	0	0	0.22900814666525524	0.7446808510638298	1	0	977	249	0.6666666666666666	0	35	47
1	0	0	#	#	0	0	0.03471897689928779	0.5106382978723404	2	0	986	250	0.6666666666666666	0	24	47
1	#	#	#	0	0	0	1.0	1.0	7	0	986	251	0.5	0	95	95
#	0	#	0	#	#	0	0.02884733658986194	0.49206349206349204	3	0	986	252	0.3333333333333333	0	93	189
1	#	1	0	1	#	0	0.0010849680281027434	0.2553191489361702	1	0	967	253	0.6666666666666666	0	12	47
0	#	#	0	0	0	0	0.21208362139917689	0.7333333333333333	1	0	953	256	0.6666666666666666	0	33	45
1	0	0	0	0	#	0	1.0	1.0	2	0	986	260	0.8333333333333334	0	24	24
0	0	0	1	#	0	0	1.0	1.0	2	0	954	260	0.8333333333333334	0	22	22
#	0	0	1	0	#	1	0.0	0.0	1	0	263	263	0.6666666666666666	0	0	45
#	1	1	1	#	#	0	0.0010314120915948307	0.25274725274725274	1	0	978	265	0.5	0	23	91
#	#	#	1	0	0	1	0.0076945289505326074	0.37777777777777777	1	0	996	266	0.5	0	34	90
#	1	#	1	#	#	0	0.0009240716125811003	0.24725274725274726	1	0	978	266	0.3333333333333333	0	45	182
0	1	0	0	0	0	0	1.0	1.0	4	0	953	267	1.0	0	11	11
#	0	#	0	0	0	0	0.2550063900805163	0.7608695652173914	2	0	986	267	0.6666666666666666	0	35	46
1	#	#	0	0	0	0	1.0	1.0	3	0	986	268	0.6666666666666666	0	47	47
#	#	#	0	#	1	0	0.027928707344747578	0.4888888888888889	1	0	974	279	0.3333333333333333	0	88	180
0	#	#	0	#	1	1	0.0009765625	0.25	1	0	979	280	0.5	0	22	88
1	0	#	0	#	0	0	0.025022128248914022	0.4782608695652174	2	0	986	282	0.6666666666666666	0	22	46
1	#	1	#	1	#	0	0.0008258600202677283	0.24175824175824176	1	0	978	282	0.5	0	22	91
#	1	#	#	1	0	0	0.2373046875	0.75	2	0	978	284	0.5	0	66	88
#	#	#	0	1	0	0	0.09012876377777973	0.6179775280898876	2	0	977	288	0.5	0	55	89
#	0	0	0	#	0	1	0.0009765625	0.25	1	0	993	289	0.6666666666666666	0	11	44
1	#	#	1	0	#	0	0.2286448723941134	0.7444444444444445	2	0	998	289	0.5	0	67	90
#	0	0	#	0	0	0	1.0	1.0	7	0	986	291	0.6666666666666666	0	44	44
1	#	0	#	0	0	0	1.0	1.0	5	0	986	292	0.6666666666666666	0	44	44
#	1	0	0	#	#	0	0.2373046875	0.75	3	0	977	293	0.5	0	66	88
0	0	#	1	#	0	0	0.027928707344747578	0.4888888888888889	1	0	954	293	0.6666666666666666	0	22	45
1	0	#	1	0	#	0	1.0	1.0	6	0	998	294	0.6666666666666666	0	44	44
#	1	#	1	0	0	1	0.03125	0.5	1	0	996	295	0.6666666666666666	0	22	44
0	0	0	1	#	0	1	0.0	0.0	1	0	297	297	0.8333333333333334	0	0	22
1	1	0	0	0	#	0	0.03125	0.5	3	0	955	297	0.8333333333333334	0	11	22
0	1	0	0	1	#	0	1.0	1.0	7	0	977	298	0.8333333333333334	0	22	22
0	1	0	0	1	0	1	0.0	0.0	1	0	302	302	1.0	0	0	11
0	#	0	0	#	1	0	1.0	1.0	3	0	964	303	0.6666666666666666	0	43	43
#	#	#	#	#	0	0	0.0942762825887666	0.6235632183908046	1	0	986	304	0.16666666666666666	0	217	348
#	0	#	0	#	1	0	0.029494837976210178	0.4942528735632184	1	0	969	304	0.5	0	43	87
#	0	0	0	1	1	1	0.03125	0.5	2	0	994	306	0.8333333333333334	0	11	22
1	0	#	0	0	0	0	1.0	1.0	3	0	986	306	0.8333333333333334	0	22	22
1	#	0	#	#	#	0	0.033109607206104064	0.5058139534883721	1	0	998	309	0.3333333333333333	0	87	172
0	#	0	0	#	0	0	1.0	1.0	9	0	977	309	0.6666666666666666	0	43	43
0	0	0	0	#	#	0	1.0	1.0	3	0	968	310	0.6666666666666666	0	42	42
0	1	1	0	#	0	1	0.0	0.0	1	0	310	310	0.8333333333333334	0	0	21
#	0	#	#	0	#	0	0.2373046875	0.75	2	0	998	311	0.3333333333333333	0	129	172
1	#	#	0	#	0	0	0.23279332323579968	0.7471264367816092	4	0	986	312	0.5	0	65	87
0	#	#	#	0	0	0	0.02599617756723918	0.4819277108433735	2	0	954	314	0.5	0	40	83
0	#	0	0	1	1	0	1.0	1.0	2	0	964	315	0.8333333333333334	0	22	22
1	0	#	0	#	#	1	0.03308774113421762	0.5057471264367817	1	0	994	316	0.5	0	44	87
0	#	0	#	1	#	0	0.22824833264848604	0.7441860465116279	2	0	977	316	0.5	0	64	86
#	1	0	0	0	#	0	0.2097427655167115	0.7317073170731707	2	0	959	319	0.6666666666666666	0	30	41
0	1	#	1	#	0	0	0.0	0.0	2	0	319	319	0.6666666666666666	0	0	42
#	#	#	#	1	1	0	0.0007883473296791421	0.23952095808383234	1	0	964	325	0.3333333333333333	0	40	167
0	1	#	0	1	1	1	0.0	0.0	1	0	325	325	0.8333333333333334	0	0	20
0	1	0	1	#	0	1	1.0	1.0	2	0	996	331	0.8333333333333334	0	21	21
#	#	1	0	0	0	0	0.2567458542283846	0.7619047619047619	3	0	984	334	0.6666666666666666	0	32	42
0	1	#	1	#	1	1	1.0	1.0	1	0	990	337	0.6666666666666666	0	42	42
0	0	0	0	1	0	1	0.0	0.0	1	0	342	342	1.0	0	0	10
#	1	1	#	0	0	0	0.2373046875	0.75	5	0	984	348	0.6666666666666666	0	30	40
1	#	#	0	1	0	0	0.02448519270213934	0.47619047619047616	1	0	967	349	0.6666666666666666	0	20	42
#	#	0	#	#	#	1	0.007687525010572408	0.37770897832817335	2	0	996	353	0.16666666666666666	0	122	323
1	#	0	0	1	1	1	1.0	1.0	1	0	994	355	0.8333333333333334	0	20	20
0	#	0	#	#	#	1	0.0009765625	0.25	1	0	996	359	0.3333333333333333	0	40	160
0	0	#	#	0	#	0	0.03125	0.5	1	0	965	359	0.5	0	40	80
#	1	#	#	1	#	0	0.03224514345148966	0.5031446540880503	1	0	978	361	0.3333333333333333	0	80	159
1	#	0	#	#	#	1	0.02932159417985371	0.4936708860759494	1	0	994	363	0.3333333333333333	0	78	158
0	0	0	#	1	1	0	1.0	1.0	2	0	963	363	0.8333333333333334	0	20	20
1	0	0	#	0	#	0	1.0	1.0	6	0	998	366	0.6666666666666666	0	40	40
0	#	#	1	#	0	0	0.0009765625	0.25	1	0	954	366	0.5	0	20	80
#	1	1	1	#	1	1	1.0	1.0	1	0	997	367	0.6666666666666666	0	39	39
1	#	#	#	1	0	1	0.03125	0.5	2	0	995	368	0.5	0	39	78
#	0	#	0	0	#	0	0.22733534048886378	0.7435897435897436	3	0	986	368	0.5	0	58	78
#	1	#	0	0	#	1	0.0009765625	0.25	2	0	988	369	0.5	0	20	80
1	1	1	#	0	0	0	1.0	1.0	2	0	984	370	0.8333333333333334	0	20	20
0	#	#	0	0	#	0	0.2222903719323048	0.7402597402597403	1	0	974	371	0.5	0	57	77
#	1	1	1	0	0	1	0.03125	0.5	2	0	949	372	0.8333333333333334	0	10	20
0	#	#	0	#	#	0	0.22733534048886378	0.7435897435897436	2	0	977	372	0.3333333333333333	0	116	156
0	1	1	0	0	0	0	1.0	1.0	2	0	946	373	1.0	0	9	9
0	#	1	#	0	1	1	0.22733534048886378	0.7435897435897436	1	0	975	375	0.6666666666666666	0	29	39
#	#	#	0	0	0	0	0.49879304321641177	0.8701298701298701	4	0	986	378	0.5	0	67	77
#	1	0	0	1	#	0	0.22733534048886378	0.7435897435897436	2	0	977	379	0.6666666666666666	0	29	39
0	0	0	#	1	0	1	0.0	0.0	1	0	380	380	0.8333333333333334	0	0	19
#	0	#	0	#	0	0	0.02932159417985371	0.4936708860759494	1	0	986	383	0.5	0	39	79
1	#	#	0	0	#	0	0.22733534048886378	0.7435897435897436	3	0	986	385	0.5	0	58	78
#	1	1	#	#	0	1	0.0006980859538110558	0.23376623376623376	1	0	949	389	0.5	0	18	77
#	#	#	1	0	1	1	0.09413531084148427	0.6233766233766234	1	0	997	389	0.5	0	48	77
0	0	0	#	#	1	0	1.0	1.0	3	0	965	390	0.6666666666666666	0	36	36
#	1	#	#	1	#	1	0.029194814734023078	0.49324324324324326	1	0	987	391	0.3333333333333333	0	73	148
0	#	1	0	0	1	1	0.03125	0.5	1	0	975	394	0.8333333333333334	0	10	20
0	#	#	0	1	#	0	0.22680616162054318	0.7432432432432432	4	0	977	398	0.5	0	55	74
1	#	0	#	1	1	0	0.0	0.0	1	0	399	399	0.6666666666666666	0	0	38
0	0	#	1	1	#	1	0.040386107340619246	0.5263157894736842	1	0	999	401	0.6666666666666666	0	20	38
1	0	0	#	0	1	0	1.0	1.0	3	0	998	401	0.8333333333333334	0	19	19
#	1	0	0	1	0	0	1.0	1.0	6	0	977	402	0.8333333333333334	0	18	18
0	1	#	0	0	1	0	1.0	1.0	6	0	974	402	0.8333333333333334	0	18	18
1	0	0	1	0	#	0	1.0	1.0	4	0	998	407	0.8333333333333334	0	19	19
0	1	#	1	0	1	1	1.0	1.0	3	0	990	408	0.8333333333333334	0	19	19
1	1	0	0	1	#	0	0.03125	0.5	4	0	941	414	0.8333333333333334	0	9	18
1	1	#	#	#	0	0	1.0	1.0	2	0	984	414	0.5	0	72	72
0	#	0	#	1	0	0	0.2373046875	0.75	3	0	977	419	0.6666666666666666	0	27	36
1	0	0	1	0	1	0	1.0	1.0	2	0	998	422	1.0	0	9	9
#	1	0	0	#	1	0	0.03125	0.5	2	0	964	430	0.6666666666666666	0	18	36
#	0	0	0	#	1	0	0.22621766644850363	0.7428571428571429	4	0	969	434	0.6666666666666666	0	26	35
#	#	0	0	0	#	1	3.51335752960076e-05	0.12857142857142856	1	0	988	436	0.5	0	9	70
#	#	#	#	1	0	1	0.03125	0.5	1	0	999	436	0.3333333333333333	0	70	140
#	#	#	0	1	#	0	0.030157451412708515	0.49645390070921985	2	0	977	438	0.3333333333333333	0	70	141
1	#	#	#	0	1	0	0.03125	0.5	1	0	998	439	0.5	0	35	70
1	0	0	#	1	#	1	1.0	1.0	2	0	994	443	0.6666666666666666	0	35	35
#	#	0	0	0	1	0	0.22621766644850363	0.7428571428571429	3	0	969	443	0.6666666666666666	0	26	35
0	1	0	1	1	0	1	1.0	1.0	3	0	960	444	1.0	0	9	9
1	#	1	0	1	#	1	0.22621766644850363	0.7428571428571429	1	0	992	445	0.6666666666666666	0	26	35
1	1	#	0	1	#	0	0.036280637324889	0.5151515151515151	1	0	967	446	0.6666666666666666	0	17	33
#	1	1	#	#	1	1	0.2373046875	0.75	3	0	997	447	0.5	0	51	68
#	0	#	#	0	0	0	0.2373046875	0.75	5	0	986	450	0.5	0	51	68
#	0	0	#	0	1	0	1.0	1.0	4	0	998	451	0.6666666666666666	0	35	35
0	1	1	0	#	0	0	1.0	1.0	6	0	973	456	0.8333333333333334	0	17	17
0	0	0	0	0	0	0	1.0	1.0	4	0	938	458	1.0	0	8	8
0	0	#	0	#	#	0	0.02679354721185501	0.48484848484848486	2	0	968	459	0.5	0	32	66
0	1	0	#	0	1	1	0.04158799090330928	0.5294117647058824	2	0	990	461	0.8333333333333334	0	9	17
#	1	#	0	#	1	0	0.02679354721185501	0.48484848484848486	1	0	974	462	0.5	0	32	66
1	0	0	0	#	0	1	0.03125	0.5	1	0	993	466	0.8333333333333334	0	9	18
0	#	#	#	#	1	0	0.02679354721185501	0.48484848484848486	1	0	974	466	0.3333333333333333	0	64	132
1	0	1	0	0	0	0	1.0	1.0	5	0	981	469	1.0	0	8	8
1	#	#	#	0	1	1	0.0335810884056647	0.5072463768115942	1	0	997	470	0.5	0	35	69
#	0	1	#	#	1	1	0.2255592918474078	0.7424242424242424	1	0	989	474	0.5	0	49	66
#	#	0	1	0	#	0	0.0858114558416252	0.6119402985074627	1	0	998	474	0.5	0	41	67
0	#	1	0	#	#	0	0.03125	0.5	3	0	974	476	0.5	0	32	64
0	1	#	1	0	#	1	1.0	1.0	4	0	996	478	0.6666666666666666	0	33	33
1	0	1	0	0	#	0	1.0	1.0	4	0	981	483	0.8333333333333334	0	16	16
1	1	#	0	0	0	1	0.0	0.0	1	0	485	485	0.8333333333333334	0	0	16
1	1	#	0	0	1	1	1.0	1.0	1	0	988	486	0.8333333333333334	0	16	16
0	0	0	1	1	0	1	0.0	0.0	1	0	490	490	1.0	0	0	8
1	0	#	#	0	#	0	1.0	1.0	2	0	998	490	0.5	0	64	64
1	1	1	#	#	0	0	1.0	1.0	2	0	984	491	0.6666666666666666	0	32	32
#	0	0	0	0	#	0	1.0	1.0	5	0	986	491	0.6666666666666666	0	31	31
0	#	#	1	#	#	1	0.2373046875	0.75	1	0	999	493	0.3333333333333333	0	96	128
0	0	0	0	0	#	1	0.0	0.0	1	0	494	494	0.8333333333333334	0	0	14
0	1	0	1	#	1	0	0.0	0.0	1	0	496	496	0.8333333333333334	0	0	16
1	0	#	1	0	1	0	1.0	1.0	3	0	998	496	0.8333333333333334	0	16	16
0	#	1	1	0	1	1	1.0	1.0	2	0	972	499	0.8333333333333334	0	15	15
1	0	#	0	1	1	1	1.0	1.0	1	0	994	502	0.8333333333333334	0	16	16
1	0	0	0	#	#	1	0.03125	0.5	2	0	994	503	0.6666666666666666	0	16	32
#	0	#	1	0	#	0	0.2503403425672665	0.7580645161290323	2	0	998	506	0.5	0	47	62
#	#	#	1	#	1	1	0.23089142719765482	0.7459016393442623	1	0	997	511	0.3333333333333333	0	91	122
0	1	1	0	1	0	0	1.0	1.0	4	0	973	511	1.0	0	8	8
#	#	0	#	1	1	0	0.007620614715431956	0.3770491803278688	1	0	964	512	0.5	0	23	61
#	#	1	#	0	0	0	0.10682523578800285	0.639344262295082	2	0	984	513	0.5	0	39	61
0	#	0	#	0	1	1	0.0015975701800030801	0.27586206896551724	2	0	990	518	0.6666666666666666	0	8	29
1	0	#	#	#	1	0	0.026524537874001226	0.4838709677419355	2	0	998	521	0.5	0	30	62
1	1	1	0	0	#	0	0.03125	0.5	3	0	984	524	0.8333333333333334	0	8	16
1	0	0	#	#	#	0	0.028771141871245298	0.4918032786885246	1	0	998	526	0.5	0	30	61
0	0	#	0	0	#	0	0.03125	0.5	1	0	942	527	0.6666666666666666	0	14	28
1	#	0	1	0	#	0	0.25126003423796484	0.7586206896551724	2	0	998	527	0.6666666666666666	0	22	29
1	1	#	0	#	0	0	1.0	1.0	6	0	984	532	0.6666666666666666	0	29	29
0	1	#	#	1	0	0	0.03125	0.5	1	0	977	532	0.6666666666666666	0	14	28
1	1	0	0	#	0	1	0.0	0.0	2	0	535	535	0.8333333333333334	0	0	14
1	1	#	#	1	0	0	1.0	1.0	2	0	978	537	0.6666666666666666	0	28	28
0	1	0	1	0	1	1	1.0	1.0	1	0	990	538	1.0	0	8	8
0	0	0	1	0	1	1	0.0	0.0	1	0	539	539	1.0	0	0	7
1	0	0	#	#	1	0	0.03125	0.5	1	0	998	542	0.6666666666666666	0	15	30
1	1	#	1	0	0	0	1.0	1.0	1	0	966	542	0.8333333333333334	0	14	14
#	0	0	1	#	#	0	0.24432505180968345	0.7543859649122807	2	0	998	549	0.5	0	43	57
0	1	#	0	#	#	0	1.0	1.0	4	0	977	559	0.5	0	55	55
1	1	#	#	1	#	0	0.03431148168782393	0.5094339622641509	2	0	978	560	0.5	0	27	53
0	0	#	0	#	1	0	0.02587604756236833	0.48148148148148145	2	0	963	562	0.6666666666666666	0	13	27
0	#	1	0	#	0	0	0.02587604756236833	0.48148148148148145	1	0	973	566	0.6666666666666666	0	13	27
0	1	1	0	0	#	0	1.0	1.0	4	0	974	567	0.8333333333333334	0	13	13
#	#	1	0	1	0	0	0.03125	0.5	1	0	973	569	0.6666666666666666	0	14	28
1	0	#	1	0	0	0	1.0	1.0	3	0	976	570	0.8333333333333334	0	14	14
0	0	#	0	1	1	0	0.03125	0.5	1	0	963	574	0.8333333333333334	0	7	14
1	#	0	1	0	1	0	0.04526613752481193	0.5384615384615384	1	0	998	574	0.8333333333333334	0	7	13
1	0	0	0	1	#	1	1.0	1.0	2	0	994	578	0.8333333333333334	0	14	14
0	0	#	0	0	1	0	0.02094302882090425	0.46153846153846156	1	0	942	578	0.8333333333333334	0	6	13
#	0	0	1	0	0	0	1.0	1.0	1	0	958	584	0.8333333333333334	0	12	12
#	0	1	#	1	0	1	1.0	1.0	1	0	999	585	0.6666666666666666	0	28	28
#	1	#	0	1	#	0	0.2535525376	0.76	3	0	977	586	0.5	0	38	50
0	0	0	1	#	#	1	0.0	0.0	1	0	591	591	0.6666666666666666	0	0	24
1	#	0	1	0	0	0	1.0	1.0	2	0	962	592	0.8333333333333334	0	12	12
1	#	#	#	1	1	1	1.0	1.0	1	0	994	594	0.5	0	52	52
#	0	#	#	1	0	1	0.2693290743429045	0.7692307692307693	3	0	999	596	0.5	0	40	52
1	1	0	0	0	1	0	0.0	0.0	2	0	600	600	1.0	0	0	7
1	#	0	0	#	1	1	0.2693290743429045	0.7692307692307693	1	0	994	601	0.6666666666666666	0	20	26
0	0	0	1	1	0	0	1.0	1.0	1	0	944	601	1.0	0	6	6
1	0	1	0	0	1	0	1.0	1.0	3	0	947	603	1.0	0	6	6
1	0	1	#	1	#	1	1.0	1.0	1	0	995	607	0.6666666666666666	0	26	26
0	0	0	1	1	#	0	1.0	1.0	2	0	952	610	0.8333333333333334	0	12	12
0	1	1	#	1	0	0	0.03125	0.5	1	0	973	611	0.8333333333333334	0	6	12
1	1	1	1	0	0	0	1.0	1.0	3	0	966	612	1.0	0	6	6
1	0	#	0	0	1	0	1.0	1.0	2	0	969	613	0.8333333333333334	0	12	12
0	1	#	#	0	1	1	0.03125	0.5	2	0	990	615	0.6666666666666666	0	12	24
#	0	1	#	1	#	1	1.0	1.0	1	0	999	616	0.5	0	48	48
#	1	#	#	1	0	1	0.0009765625	0.25	1	0	960	618	0.5	0	12	48
1	1	1	0	#	0	0	1.0	1.0	1	0	984	618	0.8333333333333334	0	12	12
0	1	1	1	0	#	1	1.0	1.0	4	0	972	619	0.8333333333333334	0	12	12
0	1	#	0	0	1	1	0.0	0.0	1	0	620	620	0.8333333333333334	0	0	12
#	1	0	1	0	1	1	1.0	1.0	3	0	990	621	0.8333333333333334	0	11	11
0	#	0	#	1	1	0	0.2373046875	0.75	1	0	964	624	0.6666666666666666	0	18	24
0	0	#	#	1	#	0	0.028064020595835334	0.48936170212765956	1	0	968	626	0.5	0	23	47
0	1	#	0	1	#	0	1.0	1.0	1	0	977	627	0.6666666666666666	0	23	23
1	0	1	#	1	#	0	0.0	0.0	2	0	628	628	0.6666666666666666	0	0	24
1	0	1	#	0	#	0	1.0	1.0	1	0	991	628	0.6666666666666666	0	23	23
1	#	#	0	0	1	0	0.025022128248914022	0.4782608695652174	1	0	969	632	0.6666666666666666	0	11	23
#	#	1	1	0	0	1	0.025022128248914022	0.4782608695652174	1	0	961	633	0.6666666666666666	0	11	23
0	1	1	#	0	#	0	0.03125	0.5	1	0	974	634	0.6666666666666666	0	11	22
0	0	1	1	1	0	1	1.0	1.0	1	0	999	636	1.0	0	6	6
#	1	0	0	1	0	1	0.0	0.0	1	0	636	636	0.8333333333333334	0	0	11
0	1	0	#	1	0	0	0.048282842081079885	0.5454545454545454	1	0	977	640	0.8333333333333334	0	6	11
0	#	0	1	0	1	0	0.03125	0.5	1	0	965	641	0.8333333333333334	0	6	12
1	#	0	0	#	1	0	0.0012081394667748438	0.2608695652173913	1	0	969	646	0.6666666666666666	0	6	23
0	0	#	0	1	1	1	0.048282842081079885	0.5454545454545454	1	0	979	646	0.8333333333333334	0	6	11
#	1	1	0	0	#	0	0.22059995870325735	0.7391304347826086	1	0	984	650	0.6666666666666666	0	17	23
0	1	1	1	0	0	1	1.0	1.0	1	0	949	651	1.0	0	5	5
0	1	1	#	#	#	1	0.0276204464877974	0.4878048780487805	1	0	972	653	0.5	0	20	41
1	0	0	1	#	1	0	0.03125	0.5	1	0	998	655	0.8333333333333334	0	6	12
1	1	0	1	#	0	0	1.0	1.0	1	0	962	656	0.8333333333333334	0	10	10
0	#	0	0	0	1	1	0.0	0.0	1	0	660	660	0.8333333333333334	0	0	10
1	1	0	0	1	1	1	1.0	1.0	1	0	956	666	1.0	0	5	5
0	#	0	1	#	0	1	0.03943364769872244	0.5238095238095238	3	0	996	666	0.6666666666666666	0	11	21
0	1	0	0	#	1	1	0.0	0.0	1	0	667	667	0.8333333333333334	0	0	10
0	1	0	#	1	0	1	0.03125	0.5	1	0	960	669	0.8333333333333334	0	5	10
1	1	#	1	1	0	0	1.0	1.0	3	0	978	669	0.8333333333333334	0	10	10
1	#	1	#	0	0	0	1.0	1.0	3	0	984	677	0.6666666666666666	0	20	20
0	1	#	#	1	#	1	0.03125	0.5	2	0	987	678	0.5	0	20	40
1	1	#	#	#	0	1	0.0	0.0	1	0	679	679	0.5	0	0	40
1	0	1	#	0	0	0	1.0	1.0	1	0	981	681	0.8333333333333334	0	10	10
1	1	1	0	1	0	1	0.0	0.0	1	0	684	684	1.0	0	0	5
#	#	0	1	0	#	1	0.005960972842773589	0.358974358974359	1	0	996	686	0.5	0	14	39
#	0	1	#	0	0	0	0.03125	0.5	1	0	981	687	0.6666666666666666	0	10	20
0	#	1	1	#	1	1	1.0	1.0	1	0	982	688	0.6666666666666666	0	20	20
1	0	#	0	#	1	1	0.040386107340619246	0.5263157894736842	1	0	994	691	0.6666666666666666	0	10	19
0	#	0	1	1	1	0	0.03125	0.5	1	0	952	695	0.8333333333333334	0	5	10
1	#	1	0	0	0	0	1.0	1.0	2	0	984	695	0.8333333333333334	0	10	10
0	#	0	0	#	#	1	0.0	0.0	1	0	699	699	0.5	0	0	37
1	1	0	#	1	0	0	1.0	1.0	1	0	957	701	0.8333333333333334	0	8	8
1	1	0	1	0	1	1	1.0	1.0	1	0	937	709	1.0	0	4	4
1	0	1	0	1	1	1	1.0	1.0	2	0	989	710	1.0	0	5	5
1	0	0	#	#	1	1	0.03125	0.5	1	0	994	710	0.6666666666666666	0	10	20
1	0	0	1	#	#	0	0.03125	0.5	1	0	998	711	0.6666666666666666	0	9	18
1	0	0	0	#	#	0	0.023847592523562257	0.47368421052631576	1	0	986	714	0.6666666666666666	0	9	19
0	#	0	0	1	#	1	0.0	0.0	1	0	717	717	0.6666666666666666	0	0	17
1	0	#	#	1	0	1	1.0	1.0	2	0	995	721	0.6666666666666666	0	19	19
1	0	0	0	1	#	0	0.0	0.0	1	0	725	725	0.8333333333333334	0	0	10
#	0	1	0	#	0	0	0.0007211993883891124	0.23529411764705882	1	0	981	730	0.6666666666666666	0	4	17
1	#	0	0	1	#	1	0.28462802079628785	0.7777777777777778	2	0	994	736	0.6666666666666666	0	14	18
#	0	#	#	0	1	0	0.2495343537242618	0.7575757575757576	1	0	998	737	0.5	0	25	33
1	0	1	#	#	0	0	0.023078380428451596	0.47058823529411764	1	0	981	738	0.6666666666666666	0	8	17
#	0	1	#	#	#	1	0.24345215148144456	0.7538461538461538	1	0	999	739	0.3333333333333333	0	49	65
1	1	1	1	#	0	0	1.0	1.0	2	0	978	741	0.8333333333333334	0	8	8
1	0	0	1	#	0	0	0.03125	0.5	1	0	958	742	0.8333333333333334	0	4	8
#	0	1	#	0	1	0	0.03125	0.5	1	0	991	748	0.6666666666666666	0	8	16
1	0	#	#	#	0	1	0.026524537874001226	0.4838709677419355	1	0	995	749	0.5	0	15	31
#	0	0	#	1	#	0	0.03662616470883121	0.5161290322580645	1	0	968	751	0.5	0	16	31
#	1	#	1	0	1	1	1.0	1.0	1	0	997	752	0.6666666666666666	0	15	15
#	0	0	#	1	0	1	0.03125	0.5	1	0	993	752	0.6666666666666666	0	7	14
0	0	0	1	0	1	0	1.0	1.0	3	0	965	753	1.0	0	4	4
#	0	0	1	1	0	0	0.03125	0.5	1	0	944	753	0.8333333333333334	0	3	6
1	0	#	#	0	1	0	1.0	1.0	1	0	998	755	0.6666666666666666	0	15	15
0	0	1	1	0	#	1	1.0	1.0	1	0	961	758	0.8333333333333334	0	7	7
1	#	1	#	0	1	0	0.022132674897119342	0.4666666666666667	1	0	991	758	0.6666666666666666	0	7	15
#	1	0	#	0	#	0	0.03662616470883121	0.5161290322580645	1	0	962	759	0.5	0	16	31
0	#	#	1	0	1	1	0.21208362139917689	0.7333333333333333	1	0	990	761	0.6666666666666666	0	11	15
1	#	1	#	1	0	1	0.03125	0.5	1	0	995	763	0.6666666666666666	0	8	16
0	0	0	0	1	1	0	1.0	1.0	1	0	963	768	1.0	0	4	4
#	0	1	#	1	0	0	0.0	0.0	1	0	769	769	0.6666666666666666	0	0	16
0	1	0	1	#	#	0	0.0	0.0	1	0	773	773	0.6666666666666666	0	0	15
1	0	1	0	0	1	1	0.0	0.0	1	0	778	778	1.0	0	0	3
#	0	#	1	#	0	0	0.02587604756236833	0.48148148148148145	1	0	976	778	0.5	0	13	27
#	#	#	0	0	#	0	0.2084017036410597	0.7307692307692307	1	0	986	790	0.3333333333333333	0	38	52
1	1	#	0	1	0	0	1.0	1.0	1	0	967	793	0.8333333333333334	0	6	6
0	0	1	1	0	1	1	1.0	1.0	1	0	945	794	1.0	0	3	3
#	0	#	0	0	1	0	0.2373046875	0.75	2	0	969	798	0.6666666666666666	0	9	12
#	#	0	#	1	0	0	0.07775999999999998	0.6	1	0	977	799	0.5	0	15	25
#	0	0	1	1	#	0	0.03125	0.5	2	0	952	800	0.6666666666666666	0	6	12
1	0	1	#	0	#	1	0.0	0.0	1	0	807	807	0.6666666666666666	0	0	12
0	0	0	0	0	1	0	1.0	1.0	2	0	942	810	1.0	0	3	3
1	0	0	#	1	0	0	0.0	0.0	1	0	811	811	0.8333333333333334	0	0	5
0	#	1	#	#	#	1	0.26364723082896674	0.7659574468085106	1	0	999	814	0.3333333333333333	0	36	47
1	0	1	1	0	#	0	1.0	1.0	1	0	991	817	0.8333333333333334	0	6	6
0	1	1	0	0	1	0	1.0	1.0	3	0	974	819	1.0	0	3	3
0	#	0	0	1	1	1	0.0	0.0	1	0	820	820	0.8333333333333334	0	0	6
#	0	1	1	0	#	1	0.019403791345598595	0.45454545454545453	1	0	961	822	0.6666666666666666	0	5	11
#	0	0	0	#	1	1	0.0015088388150337464	0.2727272727272727	1	0	994	827	0.6666666666666666	0	3	11
1	0	#	#	0	#	1	0.0	0.0	1	0	828	828	0.5	0	0	23
1	#	0	#	1	#	1	0.3066820026178275	0.7894736842105263	1	0	994	829	0.5	0	15	19
0	0	0	#	0	1	0	1.0	1.0	3	0	965	839	0.8333333333333334	0	4	4
0	1	1	0	1	#	1	0.0	0.0	1	0	840	840	0.8333333333333334	0	0	5
1	#	1	#	#	#	0	0.027781404364645906	0.4883720930232558	1	0	991	841	0.3333333333333333	0	21	43
0	0	1	1	1	1	1	1.0	1.0	1	0	982	841	1.0	0	3	3
#	0	1	0	1	1	1	1.0	1.0	1	0	989	844	0.8333333333333334	0	6	6
1	1	0	#	1	1	1	1.0	1.0	3	0	956	846	0.8333333333333334	0	4	4
0	#	1	0	#	1	0	0.01734152991583261	0.4444444444444444	1	0	974	849	0.6666666666666666	0	4	9
0	1	0	#	1	#	0	0.01734152991583261	0.4444444444444444	1	0	977	850	0.6666666666666666	0	4	9
1	#	1	0	0	1	0	0.010240000000000003	0.4	1	0	947	851	0.8333333333333334	0	2	5
0	0	0	1	#	1	0	1.0	1.0	1	0	965	856	0.8333333333333334	0	4	4
1	#	#	#	0	0	1	0.0	0.0	1	0	858	858	0.5	0	0	16
0	1	1	#	#	1	0	0.03125	0.5	1	0	974	865	0.6666666666666666	0	4	8
0	#	#	1	#	#	0	0.0007211993883891124	0.23529411764705882	1	0	965	867	0.3333333333333333	0	8	34
1	#	1	1	#	0	0	0.2373046875	0.75	1	0	978	869	0.6666666666666666	0	6	8
#	#	#	#	0	#	1	0.007415771484375	0.375	1	0	997	871	0.16666666666666666	0	24	64
1	0	1	#	1	1	1	1.0	1.0	1	0	989	874	0.8333333333333334	0	4	4
#	0	0	0	0	1	0	1.0	1.0	1	0	969	874	0.8333333333333334	0	4	4
0	0	#	1	0	0	0	0.03125	0.5	1	0	954	876	0.8333333333333334	0	2	4
1	0	0	0	0	0	1	0.0	0.0	1	0	888	888	1.0	0	0	2
#	1	0	0	0	1	0	0.03125	0.5	1	0	959	889	0.8333333333333334	0	2	4
0	1	1	#	#	0	1	0.010240000000000003	0.4	1	0	949	891	0.6666666666666666	0	2	5
1	#	0	0	1	#	0	5.949901826619859e-05	0.14285714285714285	1	0	941	891	0.6666666666666666	0	1	7
0	0	0	1	1	#	1	0.0	0.0	1	0	894	894	0.8333333333333334	0	0	2
0	0	#	1	1	0	0	0.004115226337448558	0.3333333333333333	1	0	944	903	0.8333333333333334	0	1	3
1	0	1	1	1	0	1	1.0	1.0	1	0	995	904	1.0	0	2	2
#	1	0	1	#	0	1	0.07775999999999998	0.6	1	0	996	905	0.6666666666666666	0	3	5
1	#	1	1	0	#	1	0.001903968584518355	0.2857142857142857	1	0	997	908	0.6666666666666666	0	2	7
1	#	#	#	1	0	0	0.012558674125514407	0.4166666666666667	1	0	978	908	0.5	0	5	12
0	1	0	0	0	#	1	0.0	0.0	1	0	911	911	0.8333333333333334	0	0	2
#	#	#	#	1	1	1	0.38470588034229997	0.8260869565217391	1	0	994	912	0.3333333333333333	0	19	23
#	0	1	0	0	#	1	0.010240000000000003	0.4	1	0	975	912	0.6666666666666666	0	2	5
#	1	0	#	1	0	0	0.2373046875	0.75	1	0	977	921	0.6666666666666666	0	3	4
0	0	#	#	#	1	0	0.03125	0.5	1	0	965	924	0.5	0	4	8
0	0	0	1	0	0	0	1.0	1.0	1	0	954	925	1.0	0	1	1
0	#	1	#	0	#	1	0.2373046875	0.75	1	0	975	925	0.5	0	6	8
#	0	1	0	1	1	0	0.0	0.0	1	0	928	928	0.8333333333333334	0	0	2
#	1	#	1	1	0	0	0.03125	0.5	1	0	978	928	0.6666666666666666	0	2	4
0	1	#	#	0	1	0	0.03125	0.5	1	0	974	931	0.6666666666666666	0	2	4
1	1	1	1	#	#	1	0.03125	0.5	1	0	997	933	0.6666666666666666	0	2	4
1	1	#	1	#	0	0	1.0	1.0	1	0	978	936	0.6666666666666666	0	4	4
0	0	#	#	1	1	0	0.03125	0.5	1	0	963	937	0.6666666666666666	0	2	4
1	0	#	#	1	1	1	1.0	1.0	1	0	994	940	0.6666666666666666	0	4	4
0	#	0	1	#	0	0	0.03125	0.5	1	0	954	940	0.6666666666666666	0	2	4
#	1	#	0	1	0	1	0.0	0.0	1	0	941	941	0.6666666666666666	0	0	3
#	1	1	1	#	#	1	0.13168724279835387	0.6666666666666666	1	0	997	948	0.5	0	4	6
0	1	1	0	1	#	0	1.0	1.0	1	0	973	948	0.8333333333333334	0	1	1
1	0	1	0	#	0	0	0.03125	0.5	1	0	981	950	0.8333333333333334	0	1	2
1	0	1	1	0	1	0	1.0	1.0	1	0	991	952	1.0	0	1	1
0	0	#	1	0	1	0	1.0	1.0	2	0	965	952	0.8333333333333334	0	1	1
#	1	0	1	0	1	0	0.0	0.0	1	0	953	953	0.8333333333333334	0	0	1
#	0	1	#	0	#	1	0.03125	0.5	1	0	975	954	0.5	0	3	6
0	#	1	#	#	0	0	0.0003200000000000001	0.2	1	0	973	956	0.5	0	1	5
#	#	0	1	1	0	0	0.03125	0.5	1	0	957	956	0.6666666666666666	0	1	2
#	1	1	#	1	1	0	0.1	1.0	2	0	969	969	0.6666666666666666	0	0	0
#	0	0	0	0	0	1	0.0	0.0	1	0	973	973	0.8333333333333334	0	0	1
#	#	0	0	1	#	1	0.13168724279835387	0.6666666666666666	1	0	994	975	0.5	0	2	3
1	1	1	0	0	0	0	1.0	1.0	1	0	984	978	1.0	0	1	1
1	#	#	#	#	0	0	0.010240000000000003	0.4	1	0	986	981	0.3333333333333333	0	2	5
1	#	1	#	0	#	0	0.03125	0.5	1	0	991	983	0.5	0	2	4
0	0	#	0	#	0	1	0.1	1.0	1	0	988	988	0.6666666666666666	0	0	0
0	1	#	1	#	0	1	1.0	1.0	2	0	996	989	0.6666666666666666	0	1	1
1	1	0	0	1	#	1	0.1	1.0	1	0	991	991	0.8333333333333334	0	0	0
#	1	0	1	#	0	0	0.0	0.0	1	0	995	995	0.6666666666666666	0	0	1
0	1	1	1	#	#	1	0.05658436213991769	0.8333333333333333	1	0	998	998	0.6666666666666666	0	0	0
0	1	0	1	1	#	1	0.1	1.0	1	0	999	999	0.8333333333333334	0	0	0