A_0	A_1	R_0	R_1	R_2	R_3	Phenotype	Fitness	Accuracy	Numerosity	AveMatchSetSize	TimeStampGA	InitTimeStamp	Specificity	DeletionProb	CorrectCount	MatchCount
1	#	#	#	#	1	0	0.0009863712048789912	0.250500200080032	4	0	9988	0	0.3333333333333333	0	626	2499
1	0	#	1	1	1	1	1.0	1.0	54	0	9985	1	0.8333333333333334	0	313	313
1	#	1	#	#	1	0	0.0009765625	0.25	2	0	9984	1	0.5	0	312	1248
#	0	#	#	1	1	0	0.0009883471081012364	0.25060048038430743	1	0	9986	2	0.5	0	313	1249
1	0	#	1	1	#	1	1.0	1.0	24	0	9998	2	0.6666666666666666	0	625	625
#	0	#	1	1	1	1	0.2373046875	0.75	13	0	9985	2	0.6666666666666666	0	468	624
0	#	0	#	1	#	1	0.0009883471081012364	0.25060048038430743	2	0	9987	3	0.5	0	313	1249
1	0	#	#	0	#	0	1.0	1.0	30	0	9992	5	0.5	0	1250	1250
1	#	#	1	1	1	1	1.0	1.0	33	0	9985	5	0.6666666666666666	0	624	624
0	0	0	1	1	#	1	0.0	0.0	4	0	5	5	0.8333333333333334	0	0	312
#	1	#	0	#	#	0	0.23762151614310076	0.7502001601281025	8	0	9991	6	0.3333333333333333	0	1874	2498
#	#	0	#	1	#	1	0.03125	0.5	1	0	9987	6	0.3333333333333333	0	1248	2496
1	#	0	1	1	1	1	1.0	1.0	32	0	9966	8	0.8333333333333334	0	312	312
0	0	#	#	1	#	1	0.03125	0.5	6	0	9982	8	0.5	0	624	1248
0	0	0	0	#	1	0	1.0	1.0	45	0	9993	9	0.8333333333333334	0	313	313
1	0	0	1	1	1	0	0.0	0.0	4	0	9	9	1.0	0	0	156
#	#	1	#	#	0	0	0.031125199840063986	0.4996	2	0	9994	10	0.3333333333333333	0	1249	2500
#	0	#	#	0	#	1	0.0009863712048789912	0.250500200080032	1	0	9999	10	0.3333333333333333	0	626	2499
#	0	1	#	1	1	0	0.0	0.0	5	0	10	10	0.6666666666666666	0	0	624
#	1	#	#	0	1	1	0.23762151614310076	0.7502001601281025	9	0	9996	12	0.5	0	937	1249
0	0	0	0	0	1	0	1.0	1.0	28	0	9993	12	1.0	0	156	156
#	0	#	#	#	#	0	0.03121873124124901	0.4998998998998999	2	0	9997	13	0.16666666666666666	0	2497	4995
1	0	#	#	1	1	1	1.0	1.0	45	0	9985	13	0.6666666666666666	0	624	624
#	0	#	1	1	1	0	0.0009765625	0.25	4	0	9961	13	0.6666666666666666	0	156	624
1	#	0	1	#	#	1	0.03125	0.5	5	0	9967	14	0.5	0	624	1248
0	0	#	#	1	1	1	0.03125	0.5	15	0	9982	14	0.6666666666666666	0	312	624
0	0	0	0	#	#	0	1.0	1.0	34	0	9997	16	0.6666666666666666	0	624	624
#	0	#	0	1	1	1	0.23667052247664122	0.7495987158908507	22	0	9958	19	0.6666666666666666	0	467	623
#	1	#	#	#	#	0	0.03128133145928236	0.5001002204850672	4	0	9994	19	0.16666666666666666	0	2495	4989
#	#	#	#	#	1	1	0.09538655638119652	0.6250250651694406	2	0	9996	20	0.16666666666666666	0	3117	4987
1	0	#	#	#	1	1	0.031124900080641994	0.4995990376904571	9	0	9985	21	0.5	0	623	1247
1	0	#	1	0	#	0	1.0	1.0	33	0	9989	23	0.6666666666666666	0	624	624
1	#	0	#	1	1	1	1.0	1.0	33	0	9966	24	0.6666666666666666	0	622	622
1	#	#	1	#	1	1	0.23667052247664122	0.7495987158908507	13	0	9985	24	0.5	0	934	1246
#	#	#	1	#	#	0	0.007413293448079429	0.37497493483055944	1	0	9994	25	0.16666666666666666	0	1870	4987
1	0	0	#	1	1	1	1.0	1.0	39	0	9942	25	0.8333333333333334	0	310	310
#	#	#	1	1	#	1	0.2376220245601415	0.7502004811547714	4	0	9998	28	0.3333333333333333	0	1871	2494
1	0	#	1	#	1	0	0.0315016090063042	0.5008025682182986	3	0	9988	28	0.6666666666666666	0	312	623
1	1	#	1	1	1	1	1.0	1.0	47	0	9966	31	0.8333333333333334	0	311	311
1	0	#	1	#	1	1	0.0310000012851328	0.49919743178170145	8	0	9985	32	0.6666666666666666	0	311	623
1	#	0	0	1	1	1	1.0	1.0	23	0	9955	32	0.8333333333333334	0	311	311
1	#	#	#	#	1	1	0.23619445497967914	0.7492969063881076	7	0	9985	33	0.3333333333333333	0	1865	2489
0	#	#	#	1	1	1	0.03125	0.5	7	0	9987	34	0.5	0	623	1246
#	0	#	#	1	1	1	0.2363531863705932	0.7493975903614458	11	0	9985	35	0.5	0	933	1245
0	#	0	1	#	0	1	0.031755652923766926	0.5016077170418006	10	0	9974	36	0.6666666666666666	0	312	622
#	#	0	1	#	1	1	0.09490908212932556	0.6243980738362761	8	0	9987	36	0.5	0	778	1246
0	#	#	#	#	0	1	0.03143878317985381	0.5006026516673363	3	0	9999	36	0.3333333333333333	0	1246	2489
0	0	#	0	1	1	1	0.030750808994854082	0.4983922829581994	2	0	9950	37	0.8333333333333334	0	155	311
#	#	#	0	1	1	1	0.09460204690352732	0.6239935587761675	8	0	9958	38	0.5	0	775	1242
0	0	#	#	#	#	1	0.03125	0.5	6	0	9999	40	0.3333333333333333	0	1245	2490
1	#	#	1	1	0	1	0.03125	0.5	5	0	9998	40	0.6666666666666666	0	312	624
0	0	0	1	#	#	1	0.0	0.0	4	0	41	41	0.6666666666666666	0	0	621
#	#	0	0	#	0	0	0.512321141733413	0.8747993579454254	10	0	9997	41	0.5	0	1090	1246
#	#	0	#	#	1	1	0.031124598877761263	0.4995980707395498	1	0	9987	42	0.3333333333333333	0	1243	2488
0	#	#	#	1	0	1	0.03137590636381696	0.500402252614642	4	0	9981	42	0.5	0	622	1243
#	0	#	#	#	0	1	0.03137570377968411	0.5004016064257029	1	0	9999	43	0.3333333333333333	0	1246	2490
1	0	#	#	1	#	1	1.0	1.0	30	0	9998	43	0.5	0	1244	1244
1	#	0	1	#	1	1	0.23667052247664122	0.7495987158908507	11	0	9967	45	0.6666666666666666	0	467	623
#	0	#	0	1	0	0	0.0009687249602921197	0.249597423510467	3	0	9953	45	0.6666666666666666	0	155	621
1	#	#	#	1	#	1	0.2363516578586759	0.7493966210780371	8	0	9998	47	0.3333333333333333	0	1863	2486
#	1	#	#	#	1	1	0.23682759741015416	0.7496981891348089	6	0	9996	48	0.3333333333333333	0	1863	2485
1	#	#	#	1	1	1	1.0	1.0	24	0	9985	49	0.5	0	1241	1241
0	0	0	0	#	0	0	1.0	1.0	25	0	9997	50	0.8333333333333334	0	311	311
#	#	0	0	#	#	0	0.23778216156583545	0.7503015681544029	10	0	9997	50	0.3333333333333333	0	1866	2487
#	1	#	1	1	1	1	1.0	1.0	31	0	9987	51	0.6666666666666666	0	622	622
#	0	#	#	1	0	1	0.23762355964894505	0.750201450443191	9	0	9998	51	0.5	0	931	1241
0	#	#	1	#	0	1	0.23826078895023495	0.7506033789219629	8	0	9995	52	0.5	0	933	1243
0	#	0	#	#	0	1	0.0009765625	0.25	2	0	9974	52	0.5	0	311	1244
#	#	0	#	1	1	1	0.09521395978374295	0.6247987117552335	7	0	9987	53	0.5	0	776	1242
#	0	#	#	#	#	1	0.03115589245946442	0.49969849246231157	2	0	9999	56	0.16666666666666666	0	2486	4975
#	0	0	0	#	#	0	0.23857914583190828	0.7508038585209004	11	0	9997	56	0.5	0	934	1244
1	#	0	#	1	#	1	0.2373046875	0.75	15	0	9971	59	0.5	0	930	1240
1	0	1	1	1	1	1	1.0	1.0	34	0	9985	62	1.0	0	156	156
0	#	#	0	#	1	0	0.23826078895023495	0.7506033789219629	11	0	9993	63	0.5	0	933	1243
1	0	0	1	#	1	0	0.031755652923766926	0.5016077170418006	7	0	9988	63	0.8333333333333334	0	156	311
1	0	0	0	1	1	1	1.0	1.0	43	0	9939	65	1.0	0	155	155
#	0	0	0	1	1	0	0.03125	0.5	10	0	9986	67	0.8333333333333334	0	155	310
1	0	1	1	1	#	1	1.0	1.0	29	0	9998	67	0.8333333333333334	0	311	311
1	#	#	1	1	#	1	0.23666848226979803	0.749597423510467	8	0	9998	68	0.5	0	931	1242
0	0	1	#	#	1	0	0.0	0.0	3	0	68	68	0.6666666666666666	0	0	620
1	0	#	1	0	1	0	1.0	1.0	24	0	9988	69	0.8333333333333334	0	310	310
#	1	#	1	1	#	1	0.23635012442799433	0.7493956486704271	11	0	9987	69	0.5	0	930	1241
0	0	#	#	#	0	1	0.03137590636381696	0.500402252614642	8	0	9999	70	0.5	0	622	1243
1	0	#	#	#	#	1	0.03131302942686589	0.5002015316404675	1	0	9998	75	0.3333333333333333	0	1241	2481
#	0	1	1	0	#	0	0.03125	0.5	6	0	9989	78	0.6666666666666666	0	310	620
0	#	#	0	0	#	0	0.2373046875	0.75	11	0	9997	80	0.5	0	930	1240
0	0	0	0	1	1	0	1.0	1.0	34	0	9986	81	1.0	0	155	155
#	1	#	1	#	#	0	0.0009785337599555722	0.25010084711577246	2	0	9994	81	0.3333333333333333	0	620	2479
#	#	#	1	1	1	0	3.0517578125e-05	0.125	2	0	9961	84	0.5	0	155	1240
1	1	#	1	#	1	1	1.0	1.0	44	0	9967	84	0.6666666666666666	0	619	619
1	0	0	#	1	#	1	1.0	1.0	36	0	9971	89	0.6666666666666666	0	618	618
0	#	#	0	#	#	0	0.23666642889327236	0.7495961227786753	7	0	9997	90	0.3333333333333333	0	1856	2476
1	0	0	0	#	0	1	0.03125	0.5	6	0	9971	90	0.8333333333333334	0	155	310
0	0	#	#	#	#	0	0.031124093636841807	0.4995964487489911	6	0	9997	92	0.3333333333333333	0	1238	2478
#	0	0	0	#	1	0	0.2392277300107553	0.7512116316639742	15	0	9993	97	0.6666666666666666	0	465	619
1	#	0	0	1	#	1	0.23666642889327236	0.7495961227786753	11	0	9971	98	0.6666666666666666	0	464	619
0	0	#	0	0	#	0	0.03125	0.5	11	0	9997	98	0.6666666666666666	0	310	620
1	#	#	0	1	#	1	0.23634704271506057	0.7493936944219887	12	0	9971	99	0.5	0	927	1237
1	0	0	0	#	1	0	0.03125	0.5	11	0	9959	103	0.8333333333333334	0	154	308
#	1	#	1	#	1	1	1.0	1.0	27	0	9996	103	0.5	0	1237	1237
#	0	1	1	1	1	1	1.0	1.0	38	0	9985	104	0.8333333333333334	0	310	310
#	1	0	0	1	#	1	0.0009608624655391294	0.24919093851132687	2	0	9955	105	0.6666666666666666	0	154	618
0	0	#	0	#	#	0	0.031376518053057835	0.5004042037186742	11	0	9997	108	0.5	0	619	1237
1	0	0	1	1	1	1	1.0	1.0	29	0	9942	108	1.0	0	154	154
1	#	#	1	#	0	1	0.0009686997188813202	0.2495961227786753	1	0	9998	110	0.5	0	309	1238
1	#	#	1	#	#	1	0.03093536301565508	0.4989890820865346	2	0	9998	111	0.3333333333333333	0	1234	2473
#	1	1	1	1	#	1	0.23666642889327236	0.7495961227786753	12	0	9981	111	0.6666666666666666	0	464	619
0	#	0	0	#	1	0	1.0	1.0	33	0	9993	113	0.6666666666666666	0	618	618
1	#	1	1	1	#	1	0.23666642889327236	0.7495961227786753	12	0	9998	115	0.6666666666666666	0	464	619
#	0	#	1	1	#	1	0.23826699234975077	0.7506072874493928	7	0	9998	119	0.5	0	927	1235
#	#	#	1	1	1	1	0.5137995053094916	0.8753036437246964	8	0	9987	120	0.5	0	1081	1235
1	#	0	1	1	#	1	0.2373046875	0.75	10	0	9966	123	0.6666666666666666	0	462	616
#	1	1	#	1	#	1	0.03112368650334606	0.49959514170040487	2	0	9981	124	0.5	0	617	1235
0	0	0	#	0	#	0	1.0	1.0	32	0	9997	125	0.6666666666666666	0	618	618
#	0	#	1	#	#	1	0.031313336014878575	0.5002025111381126	4	0	9998	128	0.3333333333333333	0	1235	2469
1	#	1	1	1	1	1	1.0	1.0	20	0	9985	130	0.8333333333333334	0	308	308
#	#	#	#	1	#	0	0.007425800927707384	0.3751013787510138	1	0	9994	130	0.16666666666666666	0	1850	4932
#	#	#	#	1	1	1	0.23682372963733628	0.7496957403651116	6	0	9987	131	0.3333333333333333	0	1848	2465
1	1	0	1	#	1	1	1.0	1.0	34	0	9967	132	0.8333333333333334	0	308	308
1	#	0	1	0	#	0	0.2373046875	0.75	14	0	9988	133	0.6666666666666666	0	462	616
0	0	#	0	#	1	0	0.031504063702637995	0.5008103727714749	8	0	9993	133	0.6666666666666666	0	309	617
0	#	0	0	1	1	0	1.0	1.0	33	0	9986	134	0.8333333333333334	0	308	308
0	1	#	1	#	1	1	1.0	1.0	44	0	9996	137	0.6666666666666666	0	617	617
#	0	0	#	#	1	0	0.2373046875	0.75	9	0	9993	140	0.5	0	924	1232
0	#	0	#	#	#	0	0.2373046875	0.75	13	0	9997	141	0.3333333333333333	0	1848	2464
0	#	0	0	0	1	0	1.0	1.0	24	0	9993	141	0.8333333333333334	0	308	308
1	1	#	1	0	#	1	0.03125	0.5	9	0	9967	143	0.6666666666666666	0	308	616
0	0	#	1	1	#	1	0.03125	0.5	9	0	9982	145	0.6666666666666666	0	308	616
#	0	0	0	1	1	1	0.03125	0.5	6	0	9939	146	0.8333333333333334	0	154	308
#	0	0	#	1	#	1	0.031123276728280882	0.49959382615759546	8	0	9971	147	0.5	0	615	1231
1	0	#	0	1	1	1	1.0	1.0	36	0	9958	152	0.8333333333333334	0	307	307
#	0	0	1	1	#	1	0.03125	0.5	6	0	9965	152	0.6666666666666666	0	307	614
0	#	0	0	#	#	0	1.0	1.0	26	0	9997	156	0.5	0	1231	1231
0	#	0	0	#	0	0	1.0	1.0	31	0	9997	159	0.6666666666666666	0	616	616
1	1	0	1	1	1	1	1.0	1.0	36	0	9966	160	1.0	0	154	154
1	0	#	1	0	#	1	0.0	0.0	3	0	162	162	0.6666666666666666	0	0	616
#	1	0	0	#	1	0	0.031505726949811914	0.5008156606851549	6	0	9969	163	0.6666666666666666	0	307	613
0	1	#	1	1	1	1	1.0	1.0	26	0	9987	163	0.8333333333333334	0	308	308
0	#	0	0	0	0	0	1.0	1.0	29	0	9997	165	0.8333333333333334	0	308	308
0	#	0	#	1	#	0	0.2363408192072938	0.7493897477624084	5	0	9986	166	0.5	0	921	1229
1	0	1	0	1	1	1	1.0	1.0	43	0	9958	167	1.0	0	153	153
#	0	0	1	1	1	1	0.03074434724762547	0.498371335504886	5	0	9942	167	0.8333333333333334	0	153	307
0	0	#	0	1	#	0	0.031505726949811914	0.5008156606851549	10	0	9986	169	0.6666666666666666	0	307	613
1	#	0	0	#	1	1	0.2373046875	0.75	8	0	9955	169	0.6666666666666666	0	459	612
#	0	1	1	#	#	1	0.2369835715964624	0.7497969130787977	6	0	9998	172	0.5	0	923	1231
0	0	0	0	1	0	0	1.0	1.0	29	0	9953	172	1.0	0	153	153
0	0	#	0	1	1	0	0.031762284157648694	0.501628664495114	8	0	9986	176	0.8333333333333334	0	154	307
1	0	0	#	0	#	0	1.0	1.0	34	0	9992	177	0.6666666666666666	0	615	615
1	#	1	#	1	#	1	0.2369825253326268	0.7497962510187449	8	0	9998	178	0.5	0	920	1227
0	0	0	0	1	1	1	0.0	0.0	7	0	180	180	1.0	0	0	154
#	#	1	1	#	1	1	0.5120152623951675	0.8746948738812043	12	0	9996	185	0.5	0	1075	1229
0	#	0	0	1	#	0	1.0	1.0	27	0	9986	185	0.6666666666666666	0	613	613
0	1	0	1	#	#	0	0.0	0.0	2	0	186	186	0.6666666666666666	0	0	613
#	0	#	0	1	1	0	0.0010006938519732166	0.25122349102773245	4	0	9986	186	0.6666666666666666	0	154	613
0	#	0	1	1	1	0	0.03074434724762547	0.498371335504886	6	0	9961	188	0.8333333333333334	0	153	307
1	1	#	0	1	1	1	1.0	1.0	34	0	9955	188	0.8333333333333334	0	306	306
#	#	0	0	1	1	1	0.030995936308284476	0.499184339314845	6	0	9955	189	0.6666666666666666	0	306	613
#	0	#	#	1	#	1	0.23714336548863113	0.7498980008159934	10	0	9998	191	0.3333333333333333	0	1838	2451
1	0	0	1	0	1	0	1.0	1.0	27	0	9988	192	1.0	0	154	154
1	0	#	#	#	#	0	0.03131380153039977	0.5002039983680131	7	0	9992	196	0.3333333333333333	0	1226	2451
1	1	#	1	0	1	1	1.0	1.0	29	0	9967	196	0.8333333333333334	0	306	306
0	#	0	0	#	1	1	0.0	0.0	3	0	197	197	0.6666666666666666	0	0	613
0	0	0	0	1	#	0	1.0	1.0	28	0	9986	198	0.8333333333333334	0	306	306
#	#	1	1	#	#	1	0.2373046875	0.75	9	0	9998	198	0.3333333333333333	0	1839	2452
1	0	0	1	#	#	0	0.03125	0.5	5	0	9988	199	0.6666666666666666	0	306	612
0	0	1	0	0	#	0	0.0	0.0	1	0	199	199	0.8333333333333334	0	0	307
0	0	0	#	0	1	0	1.0	1.0	28	0	9993	201	0.8333333333333334	0	306	306
#	#	#	0	#	0	0	0.23698199963982494	0.7497959183673469	5	0	9997	202	0.3333333333333333	0	1837	2450
0	0	#	#	0	#	0	0.03125	0.5	7	0	9997	203	0.5	0	613	1226
0	1	0	1	#	1	1	1.0	1.0	35	0	9987	203	0.8333333333333334	0	306	306
1	0	0	#	0	0	0	1.0	1.0	42	0	9992	205	0.8333333333333334	0	306	306
1	0	#	0	1	1	0	0.0	0.0	3	0	206	206	0.8333333333333334	0	0	306
#	1	0	1	#	1	1	1.0	1.0	19	0	9987	206	0.6666666666666666	0	612	612
1	0	1	#	1	1	1	1.0	1.0	45	0	9985	211	0.8333333333333334	0	306	306
0	0	0	#	0	0	0	1.0	1.0	31	0	9997	213	0.8333333333333334	0	306	306
0	0	#	0	1	0	0	0.03125	0.5	7	0	9953	214	0.8333333333333334	0	153	306
1	#	#	#	0	1	0	0.03137796870664652	0.5004088307440719	4	0	9988	215	0.5	0	612	1223
0	#	0	#	0	1	0	0.23925299138389772	0.7512274959083469	9	0	9993	218	0.6666666666666666	0	459	611
1	1	0	0	1	1	1	1.0	1.0	31	0	9955	221	1.0	0	153	153
#	#	0	1	0	1	0	0.031506566766603836	0.5008183306055647	2	0	9988	222	0.6666666666666666	0	306	611
0	1	#	#	#	1	1	0.03137817866294432	0.5004095004095004	9	0	9996	223	0.5	0	611	1221
#	#	#	1	#	1	1	0.23665808110665365	0.7495908346972177	4	0	9996	226	0.3333333333333333	0	1832	2444
#	#	0	1	#	#	1	0.03125	0.5	2	0	9987	237	0.3333333333333333	0	1220	2440
0	1	0	#	#	1	0	0.03125	0.5	7	0	9969	237	0.6666666666666666	0	305	610
0	#	0	0	1	1	1	0.0	0.0	4	0	239	239	0.8333333333333334	0	0	305
1	0	0	0	1	#	1	1.0	1.0	22	0	9971	239	0.8333333333333334	0	305	305
#	0	#	1	0	#	0	0.2369814722286056	0.749795584627964	9	0	9989	241	0.5	0	917	1223
0	#	0	0	0	1	1	0.0	0.0	4	0	242	242	0.8333333333333334	0	0	305
1	0	1	1	#	#	1	0.03125	0.5	11	0	9998	243	0.6666666666666666	0	306	612
#	#	0	#	0	1	0	0.09583814855191733	0.625615763546798	7	0	9993	245	0.5	0	762	1218
#	0	0	#	1	1	1	0.03099427306139939	0.49917898193760263	4	0	9942	247	0.6666666666666666	0	304	609
1	1	1	1	1	1	1	1.0	1.0	35	0	9951	248	1.0	0	152	152
1	1	1	#	1	1	1	1.0	1.0	30	0	9951	249	0.8333333333333334	0	304	304
0	0	1	1	0	1	0	0.0	0.0	2	0	251	251	1.0	0	0	153
#	#	0	0	0	#	0	0.51411125319887	0.8754098360655738	11	0	9997	251	0.5	0	1068	1220
1	0	1	1	0	#	0	1.0	1.0	26	0	9989	253	0.8333333333333334	0	305	305
#	0	#	#	0	0	0	0.23633451428029112	0.7493857493857494	8	0	9997	259	0.5	0	915	1221
1	0	0	1	#	#	1	0.03125	0.5	10	0	9965	262	0.6666666666666666	0	304	608
#	0	0	1	0	0	0	1.0	1.0	22	0	9978	264	0.8333333333333334	0	304	304
0	0	1	#	1	#	1	1.0	1.0	46	0	9982	264	0.6666666666666666	0	608	608
0	#	0	1	1	1	1	0.03125	0.5	8	0	9987	265	0.8333333333333334	0	152	304
0	1	#	1	#	1	0	0.0	0.0	4	0	265	265	0.6666666666666666	0	0	609
1	0	0	#	1	1	0	0.0	0.0	9	0	269	269	0.8333333333333334	0	0	304
0	#	0	#	#	0	0	0.2373046875	0.75	6	0	9997	271	0.5	0	912	1216
1	0	0	0	0	0	0	1.0	1.0	38	0	9992	271	1.0	0	152	152
0	#	0	0	0	#	0	1.0	1.0	21	0	9997	272	0.6666666666666666	0	608	608
#	#	0	0	0	0	0	1.0	1.0	16	0	9997	272	0.6666666666666666	0	608	608
1	0	1	0	1	1	0	0.0	0.0	1	0	275	275	1.0	0	0	152
#	1	#	0	1	1	1	0.031508263057441414	0.500823723228995	7	0	9955	275	0.6666666666666666	0	304	607
1	0	1	1	#	1	1	0.03125	0.5	6	0	9985	277	0.8333333333333334	0	152	304
1	1	#	1	1	#	1	0.03125	0.5	8	0	9966	277	0.6666666666666666	0	304	608
1	0	0	#	#	1	1	0.03073771602291326	0.49834983498349833	9	0	9942	279	0.6666666666666666	0	302	606
1	1	#	#	1	#	1	0.031121610691394734	0.49958847736625517	10	0	9966	281	0.5	0	607	1215
0	0	0	#	1	#	0	1.0	1.0	32	0	9986	282	0.6666666666666666	0	607	607
0	0	0	#	#	#	0	1.0	1.0	31	0	9997	283	0.5	0	1214	1214
0	#	0	#	0	#	0	0.23795698146442218	0.7504118616144976	9	0	9997	283	0.5	0	911	1214
#	#	0	1	#	#	0	0.031185673138336874	0.49979398434281	2	0	9988	286	0.3333333333333333	0	1213	2427
0	1	#	0	#	1	0	1.0	1.0	24	0	9991	286	0.6666666666666666	0	606	606
1	0	0	0	0	1	0	1.0	1.0	38	0	9959	287	1.0	0	152	152
0	0	0	0	0	0	0	1.0	1.0	40	0	9997	288	1.0	0	152	152
1	#	#	0	1	1	1	1.0	1.0	27	0	9958	288	0.6666666666666666	0	606	606
0	#	#	0	1	1	0	0.2386128689341749	0.7508250825082509	13	0	9991	291	0.6666666666666666	0	455	606
1	1	0	1	#	#	1	0.031508263057441414	0.500823723228995	8	0	9967	291	0.6666666666666666	0	304	607
1	#	0	#	1	#	0	0.0009886985875165492	0.25061830173124483	2	0	9977	293	0.5	0	304	1213
1	0	0	1	#	1	1	0.03073771602291326	0.49834983498349833	9	0	9942	296	0.8333333333333334	0	151	303
0	1	0	#	#	1	1	0.03125	0.5	5	0	9987	296	0.6666666666666666	0	303	606
1	1	#	0	1	#	1	0.03073771602291326	0.49834983498349833	6	0	9955	297	0.6666666666666666	0	302	606
#	1	#	#	1	1	1	0.2373046875	0.75	6	0	9987	297	0.5	0	909	1212
1	0	0	1	0	0	0	1.0	1.0	16	0	9978	301	1.0	0	152	152
#	#	#	1	0	1	0	0.007507929898953798	0.3759274525968673	3	0	9988	303	0.5	0	456	1213
#	0	1	1	1	#	1	1.0	1.0	21	0	9998	305	0.6666666666666666	0	607	607
1	0	#	0	1	#	1	1.0	1.0	34	0	9971	306	0.6666666666666666	0	605	605
#	0	0	1	#	1	0	0.23795914018424638	0.7504132231404959	9	0	9988	312	0.6666666666666666	0	454	605
0	#	#	0	0	1	0	0.23795914018424638	0.7504132231404959	7	0	9993	312	0.6666666666666666	0	454	605
0	#	0	#	0	0	0	0.2386128689341749	0.7508250825082509	9	0	9997	314	0.6666666666666666	0	455	606
1	#	0	#	0	#	0	0.23795914018424638	0.7504132231404959	16	0	9992	316	0.5	0	908	1210
1	0	#	#	1	1	0	0.0	0.0	7	0	323	323	0.6666666666666666	0	0	604
1	#	#	1	0	#	0	0.23795914018424638	0.7504132231404959	7	0	9989	323	0.5	0	908	1210
0	0	0	#	#	0	0	1.0	1.0	25	0	9997	325	0.6666666666666666	0	605	605
#	0	1	1	1	0	1	1.0	1.0	25	0	9998	326	0.8333333333333334	0	303	303
1	0	0	0	1	#	0	0.0	0.0	5	0	328	328	0.8333333333333334	0	0	302
#	0	#	1	1	#	0	0.0009725304555514506	0.24979321753515302	1	0	9961	330	0.5	0	302	1209
1	1	1	1	#	#	1	0.03125	0.5	7	0	9951	330	0.6666666666666666	0	302	604
0	0	0	0	#	0	1	0.0	0.0	6	0	331	331	0.8333333333333334	0	0	303
1	#	0	1	0	1	0	0.03125	0.5	3	0	9988	334	0.8333333333333334	0	151	302
0	#	0	#	#	1	1	0.0009684917798194158	0.24958540630182421	2	0	9987	337	0.5	0	301	1206
0	#	0	0	0	#	1	0.0	0.0	3	0	342	342	0.6666666666666666	0	0	604
1	1	1	1	0	1	1	1.0	1.0	30	0	9938	346	1.0	0	150	150
0	0	#	#	0	1	0	0.03125	0.5	11	0	9993	348	0.6666666666666666	0	302	604
#	0	#	1	#	1	1	0.031120761136672954	0.4995857497928749	3	0	9985	351	0.5	0	603	1207
1	0	0	0	#	1	1	0.03073433475919105	0.4983388704318937	5	0	9939	352	0.8333333333333334	0	150	301
0	1	#	#	1	1	0	0.030991736954221305	0.49917081260364843	8	0	9991	352	0.6666666666666666	0	301	603
0	1	0	#	1	1	1	0.031772563657484126	0.5016611295681063	7	0	9987	355	0.8333333333333334	0	151	301
0	0	0	1	0	0	1	0.0	0.0	2	0	356	356	1.0	0	0	150
1	#	1	1	1	0	1	0.03125	0.5	8	0	9998	357	0.8333333333333334	0	151	302
0	0	#	0	0	1	0	0.03125	0.5	16	0	9993	358	0.8333333333333334	0	151	302
1	#	0	#	#	#	0	0.03131491480935507	0.5002075550020756	3	0	9992	359	0.3333333333333333	0	1205	2409
#	0	0	#	0	#	0	1.0	1.0	33	0	9997	360	0.5	0	1206	1206
1	1	1	0	#	#	1	0.03099088036983762	0.49916805324459235	2	0	9949	366	0.6666666666666666	0	300	601
1	#	1	0	1	1	1	1.0	1.0	24	0	9958	372	0.8333333333333334	0	300	300
0	0	1	0	1	#	1	1.0	1.0	27	0	9954	375	0.8333333333333334	0	300	300
0	1	#	0	1	1	0	1.0	1.0	28	0	9991	378	0.8333333333333334	0	301	301
#	#	0	1	1	1	1	0.23796350077423983	0.7504159733777038	7	0	9987	378	0.6666666666666666	0	451	601
0	0	1	1	#	0	1	1.0	1.0	38	0	9995	380	0.8333333333333334	0	301	301
#	#	0	#	1	#	0	0.03125	0.5	3	0	9986	380	0.3333333333333333	0	1201	2402
1	1	0	#	#	1	1	1.0	1.0	26	0	9967	383	0.6666666666666666	0	600	600
1	1	1	#	1	#	1	0.03099088036983762	0.49916805324459235	8	0	9951	385	0.6666666666666666	0	300	601
0	0	0	0	0	#	0	1.0	1.0	45	0	9997	386	0.8333333333333334	0	302	302
1	1	#	#	#	1	1	1.0	1.0	38	0	9967	387	0.5	0	1200	1200
#	0	#	1	0	1	0	0.2373046875	0.75	10	0	9988	392	0.6666666666666666	0	450	600
1	0	1	1	0	0	0	1.0	1.0	31	0	9989	397	1.0	0	150	150
1	#	1	#	#	#	1	0.03125	0.5	1	0	9998	398	0.3333333333333333	0	1200	2400
0	1	0	0	#	1	0	1.0	1.0	27	0	9969	402	0.8333333333333334	0	299	299
#	0	0	0	0	1	0	1.0	1.0	19	0	9993	408	0.8333333333333334	0	300	300
0	1	0	1	1	1	1	1.0	1.0	36	0	9987	409	1.0	0	150	150
#	0	1	1	#	0	1	0.2373046875	0.75	15	0	9998	409	0.6666666666666666	0	450	600
0	#	#	0	0	0	0	0.23664514180614574	0.7495826377295493	9	0	9997	411	0.6666666666666666	0	449	599
0	1	0	0	1	1	0	1.0	1.0	32	0	9936	412	1.0	0	149	149
#	1	0	1	1	1	1	1.0	1.0	14	0	9987	413	0.8333333333333334	0	300	300
1	0	1	#	0	#	0	1.0	1.0	30	0	9989	415	0.6666666666666666	0	600	600
#	0	#	0	#	#	0	0.03138053448818035	0.5004170141784821	3	0	9997	416	0.3333333333333333	0	1200	2398
0	0	1	0	1	1	1	1.0	1.0	24	0	9950	418	1.0	0	149	149
1	1	0	#	#	#	1	0.03138075295533349	0.5004177109440268	11	0	9967	418	0.5	0	599	1197
1	1	0	1	1	#	1	0.03125	0.5	5	0	9966	425	0.8333333333333334	0	150	300
0	0	1	1	1	0	1	1.0	1.0	34	0	9960	430	1.0	0	149	149
1	0	0	#	#	#	0	0.03151216295962109	0.5008361204013378	2	0	9992	434	0.5	0	599	1196
1	#	#	0	#	0	1	0.0009724764701697729	0.24979044425817268	1	0	9971	436	0.5	0	298	1193
1	1	1	0	1	1	1	1.0	1.0	22	0	9945	440	1.0	0	149	149
0	1	0	#	#	#	0	0.03125	0.5	10	0	9990	442	0.5	0	597	1194
0	1	#	1	0	1	1	1.0	1.0	33	0	9996	444	0.8333333333333334	0	299	299
#	1	0	#	1	#	1	0.03138119209081088	0.5004191114836547	2	0	9987	447	0.5	0	597	1193
0	#	1	1	1	#	1	1.0	1.0	29	0	9982	448	0.6666666666666666	0	596	596
0	1	0	1	#	#	1	1.0	1.0	32	0	9987	451	0.6666666666666666	0	596	596
0	#	1	0	#	0	0	0.030989150041069852	0.4991624790619765	7	0	9946	455	0.6666666666666666	0	298	597
1	0	1	1	1	0	1	1.0	1.0	29	0	9998	456	1.0	0	150	150
0	0	1	0	1	0	1	1.0	1.0	26	0	9954	458	1.0	0	149	149
#	0	0	1	0	#	0	1.0	1.0	24	0	9988	458	0.6666666666666666	0	596	596
1	#	1	#	0	0	0	1.0	1.0	17	0	9989	460	0.6666666666666666	0	596	596
#	1	0	#	#	#	1	0.03125	0.5	2	0	9987	461	0.3333333333333333	0	1192	2384
1	#	1	0	1	#	1	0.2373046875	0.75	13	0	9963	462	0.6666666666666666	0	447	596
1	#	1	#	1	1	0	0.0	0.0	5	0	467	467	0.6666666666666666	0	0	596
#	0	0	#	0	1	0	1.0	1.0	27	0	9993	468	0.6666666666666666	0	596	596
#	#	#	0	0	0	0	0.5126013993190355	0.874895046179681	12	0	9997	470	0.5	0	1042	1191
0	1	0	1	1	#	1	1.0	1.0	24	0	9987	471	0.8333333333333334	0	298	298
1	0	1	#	0	1	0	1.0	1.0	27	0	9984	474	0.8333333333333334	0	298	298
1	1	1	1	1	#	1	0.03125	0.5	13	0	9951	474	0.8333333333333334	0	149	298
1	0	0	1	0	1	1	0.0	0.0	4	0	477	477	1.0	0	0	149
#	0	0	0	0	0	0	1.0	1.0	26	0	9997	479	0.8333333333333334	0	298	298
#	0	#	#	0	1	0	0.2373046875	0.75	11	0	9993	481	0.5	0	894	1192
1	1	1	0	1	1	0	0.0	0.0	4	0	484	484	1.0	0	0	148
1	#	1	#	#	1	1	0.23597599718269105	0.7491582491582491	3	0	9985	485	0.5	0	890	1188
1	0	#	0	0	1	0	1.0	1.0	26	0	9984	486	0.8333333333333334	0	298	298
1	0	0	1	0	#	0	1.0	1.0	33	0	9988	486	0.8333333333333334	0	298	298
1	0	#	1	#	#	0	0.031381412766540204	0.5004198152812762	8	0	9989	487	0.5	0	596	1191
1	1	0	#	1	1	1	1.0	1.0	32	0	9966	490	0.8333333333333334	0	297	297
#	0	#	0	0	#	0	0.23664071285347374	0.7495798319327731	6	0	9997	491	0.5	0	892	1190
0	0	#	0	#	0	0	0.03125	0.5	8	0	9997	492	0.6666666666666666	0	297	594
1	0	0	#	0	1	0	1.0	1.0	27	0	9988	493	0.8333333333333334	0	297	297
#	#	1	1	1	0	1	0.23664071285347374	0.7495798319327731	10	0	9998	493	0.6666666666666666	0	446	595
1	0	0	0	0	#	1	0.0	0.0	3	0	496	496	0.8333333333333334	0	0	297
#	1	0	#	1	1	1	0.23797239863508846	0.7504215851602024	11	0	9987	497	0.6666666666666666	0	445	593
1	0	#	#	0	1	0	1.0	1.0	35	0	9988	498	0.6666666666666666	0	595	595
#	#	0	0	1	#	1	0.007405364846267712	0.37489469250210616	2	0	9971	498	0.5	0	445	1187
#	1	0	1	1	1	0	0.0	0.0	6	0	499	499	0.8333333333333334	0	0	297
#	1	0	0	0	0	0	1.0	1.0	27	0	9990	500	0.8333333333333334	0	297	297
0	0	0	#	0	#	1	0.0	0.0	3	0	503	503	0.6666666666666666	0	0	594
0	0	0	#	#	#	1	0.0	0.0	4	0	503	503	0.5	0	0	1187
1	1	0	#	0	0	0	1.0	1.0	24	0	9952	507	0.8333333333333334	0	296	296
0	#	1	0	#	#	0	0.03125	0.5	4	0	9991	510	0.5	0	593	1186
#	1	#	0	0	0	0	1.0	1.0	23	0	9990	512	0.6666666666666666	0	593	593
1	0	0	#	1	0	1	1.0	1.0	27	0	9971	516	0.8333333333333334	0	296	296
0	#	1	1	#	0	1	1.0	1.0	21	0	9995	521	0.6666666666666666	0	593	593
#	0	1	#	0	0	0	0.030727436538013315	0.4983164983164983	6	0	9989	522	0.6666666666666666	0	296	594
1	0	0	1	0	#	1	0.0	0.0	5	0	522	522	0.8333333333333334	0	0	296
#	0	0	0	0	#	0	1.0	1.0	33	0	9997	527	0.6666666666666666	0	592	592
#	#	1	1	1	1	1	1.0	1.0	20	0	9985	529	0.6666666666666666	0	592	592
0	0	0	1	#	#	0	1.0	1.0	27	0	9970	530	0.6666666666666666	0	592	592
1	#	0	0	0	#	0	0.2373046875	0.75	10	0	9992	535	0.6666666666666666	0	444	592
0	0	0	1	0	#	0	1.0	1.0	37	0	9970	542	0.8333333333333334	0	295	295
1	0	0	#	#	0	0	0.03125	0.5	7	0	9992	542	0.6666666666666666	0	296	592
0	0	1	#	#	#	1	1.0	1.0	26	0	9999	543	0.5	0	1183	1183
0	#	#	#	1	1	0	0.03125	0.5	2	0	9991	545	0.5	0	591	1182
1	1	#	1	#	#	1	0.03111792073015071	0.4995766299745978	9	0	9967	545	0.5	0	590	1181
#	0	1	0	1	1	1	1.0	1.0	15	0	9958	551	0.8333333333333334	0	294	294
0	#	1	0	1	#	1	0.030985619117579983	0.499151103565365	3	0	9954	553	0.6666666666666666	0	294	589
1	1	1	#	#	#	1	0.030854435482558982	0.49872773536895676	9	0	9951	555	0.5	0	588	1179
0	0	1	0	1	1	0	0.0	0.0	4	0	556	556	1.0	0	0	147
0	0	#	#	0	0	0	0.030986510779808785	0.49915397631133673	5	0	9997	562	0.6666666666666666	0	295	591
0	1	0	1	0	1	1	1.0	1.0	31	0	9937	562	1.0	0	147	147
#	1	1	1	#	#	1	0.2363017105445819	0.7493649449618967	9	0	9996	565	0.5	0	885	1181
0	#	0	#	#	1	0	0.23696941673201644	0.7497879558948262	6	0	9993	569	0.5	0	884	1179
1	0	1	#	0	#	1	0.0	0.0	3	0	570	570	0.6666666666666666	0	0	591
0	0	1	1	1	1	1	1.0	1.0	35	0	9982	572	1.0	0	148	148
0	1	0	1	0	#	1	1.0	1.0	24	0	9956	575	0.8333333333333334	0	294	294
#	1	0	#	#	#	0	0.031316461056368164	0.5002124946876328	5	0	9990	581	0.3333333333333333	0	1177	2353
#	#	0	0	0	1	0	0.2373046875	0.75	7	0	9993	588	0.6666666666666666	0	441	588
#	1	0	#	0	#	0	0.03125	0.5	2	0	9990	590	0.5	0	588	1176
#	0	0	1	#	0	0	0.2373046875	0.75	14	0	9978	590	0.6666666666666666	0	441	588
1	1	1	#	0	0	0	1.0	1.0	33	0	9979	592	0.8333333333333334	0	294	294
1	0	0	0	#	0	0	0.03125	0.5	13	0	9992	596	0.8333333333333334	0	147	294
0	0	0	#	#	1	0	1.0	1.0	28	0	9993	599	0.6666666666666666	0	588	588
#	1	0	0	1	1	0	0.030720351259372992	0.49829351535836175	5	0	9936	601	0.8333333333333334	0	146	293
#	0	1	#	#	0	1	0.2373046875	0.75	8	0	9999	602	0.5	0	882	1176
0	#	#	1	#	0	0	0.0009518615250825906	0.24872231686541738	1	0	9944	603	0.5	0	292	1174
1	#	#	#	0	#	0	0.2381477472140728	0.7505321413367391	2	0	9992	604	0.3333333333333333	0	1763	2349
#	0	0	#	0	0	0	1.0	1.0	31	0	9997	604	0.6666666666666666	0	587	587
0	#	#	0	#	0	0	0.23663167407236005	0.7495741056218058	13	0	9997	605	0.5	0	880	1174
0	0	#	1	1	0	1	0.03178692900760871	0.5017064846416383	6	0	9960	609	0.8333333333333334	0	147	293
0	#	0	1	0	1	1	0.030720351259372992	0.49829351535836175	5	0	9937	613	0.8333333333333334	0	146	293
0	1	0	0	#	#	0	1.0	1.0	34	0	9990	613	0.6666666666666666	0	587	587
0	1	0	0	#	0	0	1.0	1.0	42	0	9990	614	0.8333333333333334	0	294	294
#	0	1	#	0	0	1	0.03125	0.5	3	0	9999	614	0.6666666666666666	0	294	588
#	0	1	1	0	0	0	0.03125	0.5	4	0	9989	620	0.8333333333333334	0	147	294
#	#	0	0	1	1	0	0.031518008721293775	0.5008547008547009	5	0	9986	624	0.6666666666666666	0	293	585
1	#	1	1	0	1	1	0.030720351259372992	0.49829351535836175	7	0	9938	626	0.8333333333333334	0	146	293
0	1	#	1	#	#	1	1.0	1.0	27	0	9996	633	0.5	0	1171	1171
#	#	0	1	0	#	0	0.09561242405719207	0.6253207869974337	3	0	9988	635	0.5	0	731	1169
0	0	#	0	0	0	0	0.03125	0.5	10	0	9997	637	0.8333333333333334	0	147	294
1	1	0	#	#	0	0	1.0	1.0	34	0	9977	639	0.6666666666666666	0	584	584
1	1	0	1	0	1	0	0.0	0.0	2	0	642	642	1.0	0	0	146
1	0	#	#	0	0	0	1.0	1.0	35	0	9992	642	0.6666666666666666	0	586	586
1	#	0	#	1	0	1	0.03125	0.5	3	0	9971	643	0.6666666666666666	0	292	584
#	#	#	1	0	0	0	0.09496022714768416	0.6244653550042771	6	0	9989	650	0.5	0	730	1169
#	#	0	0	1	#	0	0.095367431640625	0.625	5	0	9986	655	0.5	0	730	1168
1	0	0	#	0	#	1	0.0	0.0	4	0	661	661	0.6666666666666666	0	0	584
#	0	#	0	0	1	0	0.2373046875	0.75	6	0	9993	661	0.6666666666666666	0	438	584
1	#	0	0	0	1	0	0.03125	0.5	4	0	9959	667	0.8333333333333334	0	146	292
1	0	#	0	0	0	0	1.0	1.0	36	0	9992	667	0.8333333333333334	0	292	292
0	0	#	1	0	0	0	0.03071673607964869	0.49828178694158076	6	0	9943	668	0.8333333333333334	0	145	291
1	1	0	1	0	1	1	1.0	1.0	26	0	9967	674	1.0	0	146	146
1	1	0	0	1	#	1	0.03071673607964869	0.49828178694158076	8	0	9955	675	0.8333333333333334	0	145	291
0	1	#	1	1	#	1	1.0	1.0	30	0	9987	676	0.6666666666666666	0	584	584
1	1	1	0	0	0	0	1.0	1.0	36	0	9957	677	1.0	0	145	145
#	#	#	0	0	1	0	0.09594183371418719	0.6257510729613734	4	0	9993	677	0.5	0	729	1165
0	#	#	0	1	#	0	0.23832666999850316	0.7506448839208942	8	0	9991	680	0.5	0	873	1163
0	#	0	1	#	#	1	0.03138458205741605	0.5004299226139295	3	0	9987	681	0.5	0	582	1163
0	0	1	0	#	#	1	1.0	1.0	24	0	9999	682	0.6666666666666666	0	582	582
0	1	#	0	#	0	0	1.0	1.0	35	0	9990	683	0.6666666666666666	0	582	582
0	1	0	0	#	0	1	0.0	0.0	1	0	685	685	0.8333333333333334	0	0	292
0	1	0	0	0	1	0	1.0	1.0	29	0	9969	687	1.0	0	146	146
#	#	#	1	0	#	1	0.031116109879993938	0.4995708154506438	2	0	9996	687	0.3333333333333333	0	1164	2330
#	#	1	#	1	0	1	0.09544946107981178	0.6251074806534824	7	0	9998	689	0.5	0	727	1163
#	#	#	#	0	1	1	0.031182911145415906	0.4997851310700473	1	0	9996	692	0.3333333333333333	0	1163	2327
1	#	#	#	0	0	0	1.0	1.0	30	0	9992	693	0.5	0	1164	1164
1	#	1	0	#	1	1	0.2373046875	0.75	9	0	9958	708	0.6666666666666666	0	435	580
0	1	0	1	#	0	0	0.0	0.0	4	0	709	709	0.8333333333333334	0	0	290
0	1	0	1	#	1	0	0.0	0.0	6	0	712	712	0.8333333333333334	0	0	290
1	1	1	1	0	#	1	0.03125	0.5	7	0	9938	714	0.8333333333333334	0	145	290
1	#	1	#	1	1	1	1.0	1.0	26	0	9985	719	0.6666666666666666	0	580	580
1	0	1	0	1	#	1	1.0	1.0	34	0	9963	719	0.8333333333333334	0	290	290
#	0	#	0	0	0	0	0.2373046875	0.75	8	0	9997	720	0.6666666666666666	0	435	580
0	#	0	0	#	#	1	0.0	0.0	2	0	721	721	0.5	0	0	1159
1	1	1	1	0	0	0	1.0	1.0	29	0	9979	721	1.0	0	145	145
1	1	0	1	#	0	0	1.0	1.0	31	0	9977	722	0.8333333333333334	0	290	290
#	1	0	#	#	1	1	0.2379885622264012	0.7504317789291882	10	0	9987	722	0.5	0	869	1158
1	#	#	1	#	1	0	0.0009807827292312942	0.25021570319240727	2	0	9988	723	0.5	0	290	1159
0	1	#	0	#	#	0	1.0	1.0	22	0	9991	724	0.5	0	1158	1158
1	1	1	0	#	0	0	1.0	1.0	22	0	9968	725	0.8333333333333334	0	290	290
0	0	1	1	0	0	1	1.0	1.0	19	0	9995	725	1.0	0	145	145
1	0	0	1	1	#	1	1.0	1.0	20	0	9965	728	0.8333333333333334	0	289	289
1	0	#	1	#	#	1	0.031115417943443937	0.4995685936151855	4	0	9998	732	0.5	0	579	1159
0	#	1	#	1	#	1	0.2383302032032043	0.7506471095772217	6	0	9982	733	0.5	0	870	1159
1	#	#	1	0	1	1	0.03098106872590841	0.4991364421416235	8	0	9967	734	0.6666666666666666	0	289	579
#	0	#	1	#	#	0	0.03118262184483501	0.4997842037116962	2	0	9989	735	0.3333333333333333	0	1158	2317
1	1	0	#	0	1	1	1.0	1.0	24	0	9967	735	0.8333333333333334	0	289	289
0	#	1	1	1	1	1	1.0	1.0	19	0	9982	736	0.8333333333333334	0	290	290
0	1	0	0	0	0	0	1.0	1.0	29	0	9990	740	1.0	0	145	145
1	1	#	#	1	1	1	1.0	1.0	25	0	9966	741	0.6666666666666666	0	577	577
0	#	1	1	1	0	1	1.0	1.0	20	0	9981	746	0.8333333333333334	0	289	289
0	#	1	#	#	#	1	0.23833197898266906	0.750648228176318	6	0	9999	746	0.3333333333333333	0	1737	2314
0	0	#	#	1	0	1	0.03125	0.5	11	0	9960	747	0.6666666666666666	0	288	576
#	1	#	0	#	0	0	1.0	1.0	20	0	9990	755	0.5	0	1154	1154
1	0	0	#	#	#	1	0.03084625865653757	0.4987012987012987	3	0	9971	756	0.5	0	576	1155
0	1	0	#	1	1	0	0.03071307121028978	0.4982698961937716	6	0	9936	758	0.8333333333333334	0	144	289
#	#	1	1	1	#	1	0.5113249066908472	0.8744588744588745	14	0	9998	766	0.5	0	1010	1155
0	1	#	0	1	#	0	1.0	1.0	25	0	9991	769	0.6666666666666666	0	577	577
0	1	0	0	0	#	0	1.0	1.0	24	0	9990	772	0.8333333333333334	0	289	289
0	0	0	0	0	1	1	0.0	0.0	6	0	782	782	1.0	0	0	144
1	#	#	#	#	0	0	0.2373046875	0.75	6	0	9994	783	0.3333333333333333	0	1728	2304
1	1	1	0	#	0	1	0.0	0.0	2	0	785	785	0.8333333333333334	0	0	288
1	#	0	#	#	1	0	0.0009808121128102687	0.25021720243266726	2	0	9988	787	0.5	0	288	1151
1	#	0	#	1	1	0	0.0	0.0	3	0	789	789	0.6666666666666666	0	0	575
1	1	1	0	1	#	0	0.03179823223237441	0.5017421602787456	6	0	9968	793	0.8333333333333334	0	144	287
1	1	0	0	0	0	0	1.0	1.0	34	0	9952	794	1.0	0	144	144
0	1	1	#	1	#	1	0.031522685955239375	0.5008695652173913	5	0	9981	798	0.6666666666666666	0	288	575
1	#	1	1	0	0	0	1.0	1.0	15	0	9989	798	0.8333333333333334	0	288	288
0	1	1	#	0	1	1	0.03179823223237441	0.5017421602787456	10	0	9996	799	0.8333333333333334	0	144	287
1	#	1	0	1	1	0	0.0	0.0	2	0	801	801	0.8333333333333334	0	0	287
0	1	0	0	1	#	0	1.0	1.0	37	0	9973	802	0.8333333333333334	0	287	287
#	1	0	0	#	#	0	0.2386859683274897	0.7508710801393729	9	0	9990	806	0.5	0	862	1148
#	1	1	1	0	1	1	1.0	1.0	20	0	9996	809	0.8333333333333334	0	287	287
1	1	#	1	0	#	0	0.03125	0.5	9	0	9979	809	0.6666666666666666	0	287	574
0	0	1	#	0	0	1	1.0	1.0	22	0	9999	812	0.8333333333333334	0	288	288
1	0	#	#	1	#	0	0.0	0.0	1	0	812	812	0.5	0	0	1148
1	1	#	0	#	#	0	0.03125	0.5	12	0	9968	819	0.5	0	572	1144
0	1	0	#	0	1	0	0.03125	0.5	6	0	9969	819	0.8333333333333334	0	143	286
0	#	0	#	1	1	0	0.23592980888821863	0.7491289198606271	7	0	9986	820	0.6666666666666666	0	430	574
1	1	1	0	1	#	1	0.03125	0.5	13	0	9945	821	0.8333333333333334	0	143	286
0	1	1	1	1	0	1	1.0	1.0	20	0	9981	831	1.0	0	143	143
0	0	#	1	#	1	0	0.03125	0.5	5	0	9970	841	0.6666666666666666	0	286	572
1	0	#	0	0	#	0	1.0	1.0	26	0	9992	845	0.6666666666666666	0	572	572
0	#	1	#	0	0	1	0.23799573154992837	0.7504363001745201	4	0	9999	846	0.6666666666666666	0	430	573
1	0	1	1	#	#	0	0.03125	0.5	4	0	9989	846	0.6666666666666666	0	286	572
1	0	1	#	#	1	1	0.03125	0.5	7	0	9985	850	0.6666666666666666	0	286	572
1	#	0	0	0	0	0	1.0	1.0	24	0	9992	852	0.8333333333333334	0	286	286
1	0	1	1	1	1	0	0.0	0.0	3	0	853	853	1.0	0	0	143
1	0	1	0	0	#	0	1.0	1.0	26	0	9984	855	0.8333333333333334	0	286	286
0	1	#	#	0	#	0	0.03111329854743823	0.49956178790534617	3	0	9990	855	0.5	0	570	1141
1	#	0	#	#	0	1	0.0009808419084270355	0.25021872265966755	1	0	9971	863	0.5	0	286	1143
1	#	#	1	0	0	0	1.0	1.0	21	0	9989	865	0.6666666666666666	0	571	571
1	#	1	1	0	#	0	0.2393899531238845	0.7513134851138353	9	0	9989	869	0.6666666666666666	0	429	571
#	#	#	#	1	#	1	0.09522122026565075	0.6248082401928555	3	0	9998	872	0.16666666666666666	0	2851	4563
1	0	1	1	0	1	0	1.0	1.0	18	0	9980	875	1.0	0	143	143
0	1	0	0	1	0	0	1.0	1.0	30	0	9973	877	1.0	0	143	143
1	#	1	1	#	1	1	0.2359201831861144	0.7491228070175439	8	0	9985	877	0.6666666666666666	0	427	570
1	1	#	#	0	1	1	1.0	1.0	28	0	9967	880	0.6666666666666666	0	568	568
#	1	0	1	0	1	1	1.0	1.0	33	0	9967	882	0.8333333333333334	0	284	284
#	1	0	#	0	0	0	0.23800059519641134	0.7504393673110721	9	0	9990	883	0.6666666666666666	0	427	569
1	1	#	0	#	0	1	0.0	0.0	2	0	886	886	0.6666666666666666	0	0	568
0	0	1	1	0	1	1	1.0	1.0	23	0	9983	891	1.0	0	143	143
0	0	0	#	1	1	0	1.0	1.0	20	0	9986	897	0.8333333333333334	0	285	285
#	1	#	1	0	1	1	1.0	1.0	28	0	9996	898	0.6666666666666666	0	569	569
1	1	1	#	0	1	1	1.0	1.0	18	0	9949	904	0.8333333333333334	0	284	284
1	1	1	1	0	1	0	0.0	0.0	2	0	911	911	1.0	0	0	142
1	0	#	1	0	0	0	1.0	1.0	19	0	9989	912	0.8333333333333334	0	284	284
#	0	0	1	0	1	0	1.0	1.0	30	0	9988	914	0.8333333333333334	0	284	284
1	#	0	#	#	1	1	0.2369564270852916	0.7497797356828194	7	0	9967	915	0.5	0	851	1135
1	#	1	#	0	#	0	0.2383519263287364	0.7506607929515419	7	0	9989	918	0.5	0	852	1135
#	1	1	1	0	#	1	0.2366079625334324	0.7495590828924162	8	0	9996	919	0.6666666666666666	0	425	567
1	#	0	#	0	1	0	0.03125	0.5	4	0	9988	923	0.6666666666666666	0	284	568
#	0	#	1	0	0	0	0.2366079625334324	0.7495590828924162	9	0	9989	926	0.6666666666666666	0	425	567
0	#	0	1	1	#	1	0.03180603586251066	0.5017667844522968	8	0	9987	945	0.6666666666666666	0	284	566
0	1	0	#	0	#	1	0.0309744285296952	0.49911504424778763	12	0	9956	946	0.6666666666666666	0	282	565
0	#	0	#	1	0	1	0.0009765625	0.25	1	0	9974	951	0.6666666666666666	0	141	564
1	0	0	0	0	0	1	0.0	0.0	1	0	953	953	1.0	0	0	142
0	1	#	#	#	#	1	0.03125	0.5	4	0	9996	960	0.3333333333333333	0	1130	2260
1	0	#	#	#	1	0	0.03138864219565842	0.5004428697962799	2	0	9988	961	0.5	0	565	1129
0	#	#	1	1	#	1	0.23765521134949744	0.75022143489814	8	0	9987	961	0.5	0	847	1129
1	0	1	#	0	0	0	1.0	1.0	31	0	9989	965	0.8333333333333334	0	282	282
#	0	#	0	1	#	1	0.2373046875	0.75	5	0	9971	966	0.5	0	846	1128
1	1	1	1	#	1	1	1.0	1.0	30	0	9951	970	0.8333333333333334	0	282	282
1	#	#	1	#	0	0	0.2373046875	0.75	9	0	9994	978	0.5	0	846	1128
0	1	1	1	0	1	1	1.0	1.0	27	0	9996	979	1.0	0	141	141
0	0	0	1	1	1	0	1.0	1.0	22	0	9961	981	1.0	0	141	141
0	0	0	#	1	0	0	1.0	1.0	27	0	9953	984	0.8333333333333334	0	281	281
0	1	#	0	#	1	1	0.0	0.0	4	0	985	985	0.6666666666666666	0	0	562
0	0	1	#	0	1	1	1.0	1.0	17	0	9983	987	0.8333333333333334	0	282	282
1	#	0	0	#	0	0	0.2373046875	0.75	10	0	9992	989	0.6666666666666666	0	423	564
0	0	0	1	#	0	1	0.0	0.0	5	0	990	990	0.8333333333333334	0	0	280
1	1	0	0	0	1	0	0.0	0.0	6	0	991	991	1.0	0	0	140
0	0	0	1	0	0	0	1.0	1.0	25	0	9943	991	1.0	0	140	140
1	1	1	1	#	0	0	1.0	1.0	15	0	9994	1011	0.8333333333333334	0	282	282
#	0	#	#	0	#	0	0.23712903636965593	0.7498889382496668	3	0	9997	1016	0.3333333333333333	0	1688	2251
1	0	0	0	0	#	0	1.0	1.0	29	0	9992	1018	0.8333333333333334	0	281	281
1	0	#	#	0	#	1	0.0	0.0	1	0	1019	1019	0.5	0	0	1125
#	1	#	#	1	#	1	0.03125	0.5	2	0	9987	1020	0.3333333333333333	0	1122	2244
1	0	0	1	#	0	1	0.03125	0.5	4	0	9965	1023	0.8333333333333334	0	140	280
1	1	1	0	#	1	1	1.0	1.0	25	0	9949	1029	0.8333333333333334	0	280	280
0	0	#	0	1	#	1	0.03125	0.5	5	0	9954	1035	0.6666666666666666	0	280	560
0	#	#	0	1	0	0	0.2373046875	0.75	11	0	9973	1038	0.6666666666666666	0	420	560
#	0	1	1	0	1	1	0.03125	0.5	7	0	9983	1039	0.8333333333333334	0	140	280
#	1	#	#	1	0	1	0.0009765625	0.25	3	0	9981	1044	0.5	0	280	1120
0	0	#	1	#	#	0	0.03125	0.5	4	0	9970	1045	0.5	0	560	1120
0	0	0	1	#	0	0	1.0	1.0	28	0	9944	1046	0.8333333333333334	0	280	280
0	0	1	#	0	#	0	0.0	0.0	1	0	1046	1046	0.6666666666666666	0	0	560
#	0	1	#	1	#	1	1.0	1.0	30	0	9998	1047	0.5	0	1120	1120
1	#	0	1	0	0	0	1.0	1.0	19	0	9978	1049	0.8333333333333334	0	280	280
1	1	#	#	0	0	0	1.0	1.0	41	0	9979	1050	0.6666666666666666	0	560	560
#	0	0	#	1	1	0	0.03181406485117637	0.5017921146953405	3	0	9986	1051	0.6666666666666666	0	280	558
0	0	1	#	#	1	1	1.0	1.0	30	0	9983	1057	0.6666666666666666	0	559	559
0	0	1	#	#	0	1	1.0	1.0	20	0	9999	1058	0.6666666666666666	0	559	559
0	#	1	1	#	1	1	1.0	1.0	19	0	9996	1058	0.6666666666666666	0	560	560
1	#	#	0	0	#	0	0.23908038061951487	0.7511190689346464	11	0	9992	1059	0.5	0	839	1117
0	0	1	1	0	#	1	1.0	1.0	32	0	9995	1064	0.8333333333333334	0	280	280
0	#	1	0	0	1	1	0.03181406485117637	0.5017921146953405	3	0	9976	1065	0.8333333333333334	0	140	279
0	0	1	#	1	1	1	1.0	1.0	30	0	9982	1065	0.8333333333333334	0	279	279
1	0	1	1	1	0	0	0.0	0.0	1	0	1067	1067	1.0	0	0	140
1	0	#	1	1	0	1	1.0	1.0	21	0	9998	1070	0.8333333333333334	0	279	279
0	0	0	1	#	1	0	1.0	1.0	28	0	9970	1071	0.8333333333333334	0	279	279
1	1	#	0	#	0	0	1.0	1.0	26	0	9968	1072	0.6666666666666666	0	556	556
1	1	#	#	#	0	0	1.0	1.0	24	0	9994	1078	0.5	0	1115	1115
1	0	#	0	1	0	1	1.0	1.0	11	0	9971	1081	0.8333333333333334	0	278	278
1	1	1	1	0	#	0	0.03181406485117637	0.5017921146953405	9	0	9979	1081	0.8333333333333334	0	140	279
1	1	1	0	1	0	0	1.0	1.0	29	0	9968	1082	1.0	0	139	139
1	0	#	0	#	0	0	0.0315315297117641	0.5008976660682226	7	0	9992	1083	0.6666666666666666	0	279	557
1	#	#	0	0	0	0	1.0	1.0	33	0	9992	1086	0.6666666666666666	0	557	557
1	#	1	#	#	0	0	0.2369501839967111	0.7497757847533633	7	0	9994	1088	0.5	0	836	1115
1	0	1	0	0	1	0	1.0	1.0	18	0	9984	1092	1.0	0	139	139
#	0	0	#	0	0	1	0.0	0.0	2	0	1097	1097	0.6666666666666666	0	0	557
0	0	0	0	1	#	1	0.0	0.0	6	0	1103	1103	0.8333333333333334	0	0	278
1	#	1	1	0	0	1	0.0	0.0	1	0	1105	1105	0.8333333333333334	0	0	278
0	0	#	#	#	1	0	0.03125	0.5	9	0	9993	1108	0.5	0	556	1112
#	0	0	0	1	#	0	0.03153254788919896	0.5009009009009009	7	0	9986	1116	0.6666666666666666	0	278	555
1	#	1	1	0	1	0	0.031818166927715774	0.5018050541516246	2	0	9980	1120	0.8333333333333334	0	139	277
#	0	0	0	#	0	0	0.2365929163048813	0.7495495495495496	7	0	9997	1123	0.6666666666666666	0	416	555
#	#	#	1	0	#	0	0.03132047809494448	0.5002253267237494	3	0	9989	1124	0.3333333333333333	0	1110	2219
#	1	0	#	#	0	0	0.23766153658962869	0.7502254283137962	11	0	9990	1127	0.5	0	832	1109
#	1	1	0	0	0	0	1.0	1.0	23	0	9957	1136	0.8333333333333334	0	276	276
0	1	#	#	0	#	1	0.03139140248384227	0.5004516711833785	4	0	9996	1138	0.5	0	554	1107
1	1	#	0	0	0	0	1.0	1.0	40	0	9957	1139	0.8333333333333334	0	276	276
1	1	#	1	#	1	0	0.0	0.0	4	0	1141	1141	0.6666666666666666	0	0	552
0	#	0	1	0	0	0	0.03125	0.5	5	0	9943	1142	0.8333333333333334	0	138	276
0	1	0	#	0	#	0	0.03153357345797731	0.5009041591320073	4	0	9990	1144	0.6666666666666666	0	277	553
0	1	0	#	1	0	0	0.03125	0.5	7	0	9973	1152	0.8333333333333334	0	138	276
1	#	#	0	#	0	0	0.2373046875	0.75	9	0	9992	1166	0.5	0	828	1104
0	#	#	1	0	0	0	0.0009502652359279294	0.24863883847549909	1	0	9943	1176	0.6666666666666666	0	137	551
#	1	0	0	1	#	0	0.23658775543365188	0.7495462794918331	9	0	9973	1178	0.6666666666666666	0	413	551
1	0	1	0	0	1	1	0.0	0.0	4	0	1179	1179	1.0	0	0	138
1	#	0	#	0	0	0	1.0	1.0	17	0	9992	1183	0.6666666666666666	0	551	551
1	#	0	1	0	0	1	0.0	0.0	2	0	1185	1185	0.8333333333333334	0	0	275
1	1	1	#	#	1	1	1.0	1.0	18	0	9951	1189	0.6666666666666666	0	548	548
#	1	#	0	0	#	0	0.23802597781117452	0.7504553734061931	10	0	9990	1191	0.5	0	824	1098
#	0	#	1	1	0	1	0.23874638852622826	0.7509090909090909	10	0	9998	1192	0.6666666666666666	0	413	550
0	1	1	1	1	#	1	1.0	1.0	29	0	9981	1198	0.8333333333333334	0	276	276
0	#	#	1	1	1	1	0.2394659181008453	0.7513611615245009	15	0	9987	1200	0.6666666666666666	0	414	551
#	1	0	1	#	#	1	0.23694502602097856	0.7497725204731575	8	0	9987	1203	0.5	0	824	1099
1	0	1	#	1	#	1	1.0	1.0	40	0	9998	1206	0.6666666666666666	0	550	550
1	#	1	1	1	1	0	0.0	0.0	4	0	1208	1208	0.8333333333333334	0	0	275
#	0	1	#	#	#	1	0.2373046875	0.75	3	0	9999	1212	0.3333333333333333	0	1650	2200
0	1	#	1	0	#	1	1.0	1.0	28	0	9996	1216	0.6666666666666666	0	549	549
0	0	1	1	1	#	1	1.0	1.0	28	0	9982	1221	0.8333333333333334	0	274	274
1	#	0	1	1	1	0	0.0	0.0	1	0	1224	1224	0.8333333333333334	0	0	274
#	1	0	0	0	0	1	0.0	0.0	2	0	1225	1225	0.8333333333333334	0	0	274
0	0	0	1	0	1	0	1.0	1.0	31	0	9970	1225	1.0	0	137	137
1	0	#	1	1	0	0	0.0	0.0	2	0	1234	1234	0.8333333333333334	0	0	274
0	#	0	1	#	1	1	0.03096539351832342	0.4990859232175503	7	0	9987	1237	0.6666666666666666	0	273	547
0	#	1	1	#	#	1	1.0	1.0	16	0	9996	1241	0.5	0	1096	1096
1	#	#	0	#	1	1	0.23585947445964414	0.7490842490842491	5	0	9958	1245	0.5	0	818	1092
1	0	1	#	1	0	1	1.0	1.0	24	0	9998	1250	0.8333333333333334	0	274	274
1	1	#	0	#	1	1	1.0	1.0	25	0	9955	1250	0.6666666666666666	0	545	545
#	#	1	#	0	0	0	0.09510643718408232	0.6246575342465753	7	0	9989	1252	0.5	0	684	1095
1	1	#	#	0	#	0	0.03125	0.5	9	0	9979	1256	0.5	0	545	1090
0	0	#	#	#	0	0	0.03110704507061507	0.4995417048579285	6	0	9997	1257	0.5	0	545	1091
1	#	1	1	#	#	0	0.03153669532607772	0.5009140767824497	5	0	9994	1258	0.5	0	548	1094
0	1	#	#	0	0	0	0.03125	0.5	5	0	9990	1258	0.6666666666666666	0	273	546
0	1	0	#	0	0	0	0.031826552708162995	0.5018315018315018	4	0	9990	1259	0.8333333333333334	0	137	273
1	0	0	0	#	#	1	0.03125	0.5	11	0	9971	1265	0.6666666666666666	0	273	546
#	0	1	#	0	1	1	0.03125	0.5	7	0	9983	1266	0.6666666666666666	0	274	548
#	0	1	#	0	#	0	0.031107566326592152	0.4995433789954338	5	0	9989	1268	0.5	0	547	1095
#	1	0	#	0	1	1	0.2373046875	0.75	7	0	9967	1276	0.6666666666666666	0	408	544
1	1	1	0	0	#	0	0.03125	0.5	8	0	9957	1276	0.8333333333333334	0	136	272
#	0	0	#	1	#	0	0.031393744007477985	0.5004591368227732	4	0	9986	1278	0.5	0	545	1089
0	1	1	1	#	0	1	1.0	1.0	25	0	9981	1284	0.8333333333333334	0	272	272
#	1	1	0	1	1	0	0.03125	0.5	2	0	9991	1291	0.8333333333333334	0	136	272
1	#	1	0	#	0	0	0.2373046875	0.75	8	0	9968	1293	0.6666666666666666	0	408	544
0	#	1	#	0	1	1	0.2373046875	0.75	10	0	9996	1298	0.6666666666666666	0	408	544
#	1	#	1	#	0	0	0.03125	0.5	12	0	9994	1301	0.5	0	544	1088
0	#	1	#	#	0	1	0.23839825563487624	0.7506899724011039	11	0	9999	1301	0.5	0	816	1087
1	1	#	1	0	1	0	0.0	0.0	1	0	1304	1304	0.8333333333333334	0	0	271
#	1	1	#	1	1	1	0.2365772058666079	0.7495395948434622	8	0	9975	1309	0.6666666666666666	0	407	543
0	1	#	0	0	0	0	1.0	1.0	30	0	9990	1310	0.8333333333333334	0	271	271
0	1	0	1	1	0	1	1.0	1.0	16	0	9974	1315	1.0	0	136	136
0	#	1	1	0	0	1	1.0	1.0	21	0	9995	1326	0.8333333333333334	0	272	272
0	0	#	1	0	0	1	0.03183083911256191	0.5018450184501845	5	0	9995	1326	0.8333333333333334	0	136	271
#	0	1	0	1	0	1	1.0	1.0	19	0	9963	1328	0.8333333333333334	0	270	270
1	1	0	1	1	0	0	1.0	1.0	16	0	9977	1335	1.0	0	136	136
1	1	0	1	1	1	0	0.0	0.0	7	0	1336	1336	1.0	0	0	135
#	1	#	#	#	#	1	0.03125	0.5	1	0	9996	1339	0.16666666666666666	0	2163	4326
1	0	#	1	#	0	0	0.03125	0.5	6	0	9989	1341	0.6666666666666666	0	271	542
#	#	1	#	1	1	1	0.5105409389683098	0.8741905642923219	10	0	9985	1346	0.5	0	945	1081
0	1	#	#	#	0	0	0.031394809761080424	0.5004625346901017	7	0	9990	1349	0.5	0	541	1081
0	0	1	0	#	1	1	1.0	1.0	23	0	9976	1362	0.8333333333333334	0	270	270
0	0	0	1	1	0	0	1.0	1.0	16	0	9944	1367	1.0	0	135	135
0	#	0	#	#	#	1	0.0009765625	0.25	1	0	9987	1368	0.3333333333333333	0	539	2156
0	0	0	1	1	1	1	0.0	0.0	5	0	1371	1371	1.0	0	0	135
#	#	0	1	0	1	1	0.030961184977197038	0.49907235621521334	3	0	9967	1374	0.6666666666666666	0	269	539
#	1	1	1	1	1	1	1.0	1.0	23	0	9975	1374	0.8333333333333334	0	270	270
#	0	1	0	1	#	1	1.0	1.0	20	0	9963	1375	0.6666666666666666	0	539	539
0	0	#	1	#	1	1	0.03125	0.5	8	0	9983	1377	0.6666666666666666	0	270	540
0	1	1	#	#	#	1	0.03168766824967661	0.5013927576601671	9	0	9996	1377	0.5	0	540	1077
1	0	0	#	0	1	1	0.0	0.0	3	0	1380	1380	0.8333333333333334	0	0	270
#	0	1	1	#	1	1	0.2373046875	0.75	4	0	9985	1381	0.6666666666666666	0	405	540
#	0	0	#	1	0	0	0.030673447581537977	0.49814126394052044	4	0	9953	1387	0.6666666666666666	0	268	538
#	0	0	#	#	#	0	0.23841048561850728	0.7506976744186047	7	0	9997	1397	0.3333333333333333	0	1614	2150
#	1	1	#	#	0	0	0.2369370013489487	0.7497674418604651	6	0	9994	1398	0.5	0	806	1075
0	#	0	#	1	0	0	0.2373046875	0.75	12	0	9973	1399	0.6666666666666666	0	402	536
0	0	1	1	#	#	1	1.0	1.0	29	0	9995	1399	0.6666666666666666	0	539	539
1	1	#	0	#	1	0	0.0	0.0	3	0	1404	1404	0.6666666666666666	0	0	536
1	0	0	#	#	1	0	0.031542054043530075	0.5009310986964618	8	0	9988	1406	0.6666666666666666	0	269	537
0	1	#	0	1	0	0	1.0	1.0	23	0	9973	1407	0.8333333333333334	0	268	268
0	0	#	1	1	#	0	0.03125	0.5	6	0	9961	1410	0.6666666666666666	0	268	536
0	#	0	1	#	#	0	0.03125	0.5	5	0	9970	1416	0.5	0	536	1072
0	1	#	0	#	0	1	0.0	0.0	1	0	1417	1417	0.6666666666666666	0	0	536
1	1	#	#	#	#	1	0.03125	0.5	5	0	9967	1418	0.3333333333333333	0	1072	2144
1	0	#	#	1	0	1	1.0	1.0	18	0	9998	1431	0.6666666666666666	0	536	536
#	#	1	0	1	1	1	0.23656634119187572	0.7495327102803738	6	0	9958	1433	0.6666666666666666	0	401	535
#	0	1	#	#	1	1	0.23656634119187572	0.7495327102803738	8	0	9985	1450	0.5	0	802	1070
#	1	1	#	0	0	0	0.2380476571358783	0.7504690431519699	7	0	9979	1461	0.6666666666666666	0	400	533
0	0	1	0	#	0	1	1.0	1.0	23	0	9999	1467	0.8333333333333334	0	267	267
#	1	#	0	#	1	1	0.03110356164492098	0.49953051643192486	3	0	9955	1474	0.5	0	532	1065
1	0	#	0	1	0	0	0.0	0.0	3	0	1490	1490	0.8333333333333334	0	0	266
0	0	#	1	#	#	1	0.03125	0.5	6	0	9995	1492	0.5	0	532	1064
0	0	1	1	#	1	1	1.0	1.0	22	0	9983	1493	0.8333333333333334	0	266	266
1	0	1	0	#	1	1	0.03125	0.5	5	0	9958	1496	0.8333333333333334	0	133	266
#	1	0	1	#	0	0	0.030956850103530997	0.4990583804143126	5	0	9977	1499	0.6666666666666666	0	265	531
0	1	1	0	1	1	0	1.0	1.0	20	0	9991	1500	1.0	0	133	133
1	#	0	1	#	0	0	0.23656078624404758	0.7495291902071564	9	0	9978	1503	0.6666666666666666	0	398	531
1	1	#	#	#	0	1	0.0	0.0	2	0	1509	1509	0.5	0	0	1061
1	1	#	#	0	#	1	0.03125	0.5	1	0	9967	1511	0.5	0	529	1058
0	#	#	#	1	#	1	0.03139768404676969	0.5004716981132076	5	0	9987	1515	0.3333333333333333	0	1061	2120
0	0	#	0	0	1	1	0.03125	0.5	5	0	9976	1516	0.8333333333333334	0	133	266
1	1	0	1	0	0	0	1.0	1.0	31	0	9947	1524	1.0	0	132	132
1	#	1	1	#	0	0	0.2373046875	0.75	8	0	9994	1525	0.6666666666666666	0	399	532
1	#	0	#	#	0	0	0.23842722422517254	0.7507082152974505	8	0	9992	1526	0.5	0	795	1059
1	0	1	1	0	1	1	0.0	0.0	1	0	1527	1527	1.0	0	0	133
0	#	1	0	1	0	1	0.03125	0.5	8	0	9954	1531	0.8333333333333334	0	132	264
1	0	#	1	#	0	1	0.03125	0.5	9	0	9998	1533	0.6666666666666666	0	265	530
0	1	#	#	1	0	0	0.03125	0.5	7	0	9973	1535	0.6666666666666666	0	264	528
#	1	1	1	0	0	0	0.03125	0.5	4	0	9979	1537	0.8333333333333334	0	132	264
1	0	0	#	0	0	1	0.0	0.0	3	0	1538	1538	0.8333333333333334	0	0	265
1	1	0	0	#	#	0	0.03125	0.5	7	0	9964	1538	0.6666666666666666	0	264	528
0	0	#	#	1	#	0	0.03125	0.5	2	0	9986	1541	0.5	0	528	1056
1	0	1	1	#	0	0	0.03066481057996481	0.4981132075471698	7	0	9989	1545	0.8333333333333334	0	132	265
0	1	1	#	#	0	1	0.03125	0.5	8	0	9981	1548	0.6666666666666666	0	264	528
0	#	1	#	#	1	1	0.2373046875	0.75	8	0	9996	1549	0.5	0	792	1056
#	0	1	#	1	1	1	1.0	1.0	24	0	9985	1550	0.6666666666666666	0	528	528
#	0	1	1	1	0	0	0.0	0.0	5	0	1555	1555	0.8333333333333334	0	0	264
0	1	1	#	1	0	1	0.03125	0.5	4	0	9981	1556	0.8333333333333334	0	132	264
1	0	0	#	#	0	1	0.03125	0.5	7	0	9971	1560	0.6666666666666666	0	264	528
#	0	0	1	#	#	0	0.23768052633420633	0.7502374169040835	9	0	9988	1563	0.5	0	790	1053
0	0	1	0	0	1	1	1.0	1.0	14	0	9976	1563	1.0	0	132	132
1	1	0	0	#	1	1	1.0	1.0	23	0	9955	1567	0.8333333333333334	0	263	263
1	0	0	1	#	0	0	0.03125	0.5	4	0	9978	1574	0.8333333333333334	0	132	264
#	0	1	#	1	0	1	1.0	1.0	23	0	9998	1576	0.6666666666666666	0	526	526
#	1	0	0	#	0	0	1.0	1.0	29	0	9990	1577	0.6666666666666666	0	527	527
0	1	0	0	0	0	1	0.0	0.0	4	0	1579	1579	1.0	0	0	132
1	1	0	1	#	#	0	0.03125	0.5	7	0	9977	1601	0.6666666666666666	0	262	524
0	#	0	1	0	1	0	0.03125	0.5	3	0	9970	1602	0.8333333333333334	0	131	262
0	#	#	1	1	1	0	0.0009765625	0.25	2	0	9961	1603	0.6666666666666666	0	131	524
#	0	0	#	#	0	0	0.2380589929545175	0.7504761904761905	11	0	9997	1605	0.5	0	788	1050
#	#	#	#	0	0	0	0.2363640485725241	0.7494044783230109	5	0	9997	1608	0.3333333333333333	0	1573	2099
1	1	0	0	#	0	0	1.0	1.0	29	0	9964	1608	0.8333333333333334	0	262	262
0	1	1	0	0	0	0	1.0	1.0	33	0	9941	1612	1.0	0	131	131
1	0	0	0	1	0	1	1.0	1.0	19	0	9971	1613	1.0	0	131	131
0	0	1	0	0	#	1	1.0	1.0	15	0	9999	1614	0.8333333333333334	0	263	263
#	1	0	#	1	0	0	0.2373046875	0.75	6	0	9977	1619	0.6666666666666666	0	393	524
#	#	1	0	0	0	0	0.23654942176196178	0.7495219885277247	3	0	9962	1621	0.6666666666666666	0	392	523
1	1	1	0	0	0	1	0.0	0.0	4	0	1622	1622	1.0	0	0	131
1	1	#	0	0	0	1	0.0	0.0	5	0	1625	1625	0.8333333333333334	0	0	262
#	#	0	1	1	1	0	0.0009859344322363666	0.25047801147227533	1	0	9961	1633	0.6666666666666666	0	131	523
0	#	#	#	#	0	0	0.030952099411592184	0.49904306220095696	1	0	9997	1634	0.3333333333333333	0	1043	2090
0	1	#	1	1	0	1	1.0	1.0	23	0	9981	1636	0.8333333333333334	0	262	262
0	0	0	1	1	#	0	1.0	1.0	24	0	9961	1640	0.8333333333333334	0	261	261
#	0	0	1	0	#	1	0.0	0.0	3	0	1643	1643	0.6666666666666666	0	0	523
0	1	#	1	#	0	1	1.0	1.0	28	0	9981	1648	0.6666666666666666	0	523	523
0	1	1	#	#	1	0	0.030952383122289335	0.49904397705544934	4	0	9991	1654	0.6666666666666666	0	261	523
#	1	#	1	1	0	1	0.030952383122289335	0.49904397705544934	6	0	9981	1655	0.6666666666666666	0	261	523
#	1	0	#	1	#	0	0.03125	0.5	1	0	9977	1656	0.5	0	521	1042
1	1	#	1	1	1	0	0.0	0.0	2	0	1658	1658	0.8333333333333334	0	0	260
1	1	0	0	#	#	1	0.03125	0.5	2	0	9955	1661	0.6666666666666666	0	260	520
0	#	0	1	#	0	0	0.03125	0.5	3	0	9944	1667	0.6666666666666666	0	260	520
0	0	1	#	0	#	1	1.0	1.0	21	0	9999	1673	0.6666666666666666	0	522	522
1	0	1	1	0	0	1	0.0	0.0	2	0	1674	1674	1.0	0	0	130
0	#	0	0	#	0	1	0.0	0.0	3	0	1677	1677	0.6666666666666666	0	0	520
0	0	0	1	1	0	1	0.0	0.0	4	0	1689	1689	1.0	0	0	129
1	1	1	#	#	0	0	1.0	1.0	26	0	9994	1690	0.6666666666666666	0	520	520
1	0	0	1	1	0	1	1.0	1.0	22	0	9965	1690	1.0	0	130	130
0	1	1	1	#	1	1	1.0	1.0	35	0	9996	1693	0.8333333333333334	0	260	260
#	1	1	1	1	0	1	0.03125	0.5	8	0	9981	1694	0.8333333333333334	0	130	260
1	#	1	0	1	0	0	0.03125	0.5	7	0	9968	1696	0.8333333333333334	0	130	260
0	0	1	#	1	0	1	1.0	1.0	29	0	9960	1709	0.8333333333333334	0	258	258
0	0	1	#	0	0	0	0.0	0.0	3	0	1711	1711	0.8333333333333334	0	0	260
1	1	0	1	0	#	1	0.03125	0.5	5	0	9967	1711	0.8333333333333334	0	129	258
1	#	1	#	0	0	1	0.0	0.0	3	0	1718	1718	0.6666666666666666	0	0	518
#	1	0	1	0	1	0	0.0	0.0	5	0	1724	1724	0.8333333333333334	0	0	258
0	#	0	0	1	#	1	0.0	0.0	2	0	1725	1725	0.6666666666666666	0	0	517
1	0	#	#	#	0	1	0.031099325256798028	0.4995169082125604	4	0	9998	1732	0.5	0	517	1035
1	#	1	0	0	0	0	1.0	1.0	18	0	9962	1733	0.8333333333333334	0	258	258
1	1	1	#	0	#	1	0.03125	0.5	8	0	9949	1737	0.6666666666666666	0	258	516
0	1	0	1	0	0	0	0.0	0.0	1	0	1750	1750	1.0	0	0	129
0	1	#	1	0	0	1	1.0	1.0	22	0	9972	1751	0.8333333333333334	0	258	258
0	1	0	1	#	0	1	1.0	1.0	24	0	9974	1752	0.8333333333333334	0	258	258
#	1	1	#	#	1	1	0.2376892979338281	0.750242954324587	7	0	9996	1753	0.5	0	772	1029
1	1	1	1	#	1	0	0.0	0.0	2	0	1759	1759	0.8333333333333334	0	0	256
1	#	0	0	1	0	1	0.03125	0.5	5	0	9971	1767	0.8333333333333334	0	129	258
1	0	#	1	0	1	1	0.0	0.0	3	0	1773	1773	0.8333333333333334	0	0	258
1	1	#	#	#	#	0	0.03147921662093847	0.5007313505607021	2	0	9994	1776	0.3333333333333333	0	1027	2051
1	1	#	1	#	0	1	0.0	0.0	2	0	1777	1777	0.6666666666666666	0	0	515
1	1	#	1	0	0	0	1.0	1.0	20	0	9979	1780	0.8333333333333334	0	257	257
1	1	0	1	1	#	0	0.03125	0.5	4	0	9977	1787	0.8333333333333334	0	128	256
0	1	1	#	#	1	1	0.03125	0.5	4	0	9996	1798	0.6666666666666666	0	257	514
0	0	1	1	#	#	0	0.0	0.0	1	0	1809	1809	0.6666666666666666	0	0	512
1	#	1	0	0	0	1	0.0	0.0	3	0	1810	1810	0.8333333333333334	0	0	256
0	1	0	#	1	#	1	0.03155697210161037	0.5009784735812133	2	0	9987	1812	0.6666666666666666	0	256	511
0	1	0	0	1	#	1	0.0	0.0	2	0	1821	1821	0.8333333333333334	0	0	255
0	#	#	#	1	#	0	0.031097412401124933	0.49951076320939336	1	0	9991	1822	0.3333333333333333	0	1021	2044
#	1	1	1	1	0	0	0.03125	0.5	2	0	9994	1836	0.8333333333333334	0	128	256
#	1	0	1	1	0	0	0.03125	0.5	5	0	9977	1837	0.8333333333333334	0	128	256
1	1	1	0	0	1	1	1.0	1.0	28	0	9949	1843	1.0	0	127	127
0	0	#	1	1	1	1	0.03186756982537489	0.5019607843137255	11	0	9982	1845	0.8333333333333334	0	128	255
#	1	#	0	#	1	0	0.031403940588585394	0.5004916420845624	7	0	9991	1855	0.5	0	509	1017
1	#	1	0	0	#	0	0.2373046875	0.75	7	0	9984	1856	0.6666666666666666	0	381	508
1	#	0	1	#	1	0	0.0010056826008961674	0.25147347740667975	2	0	9988	1857	0.6666666666666666	0	128	509
0	1	1	#	#	#	0	0.03125	0.5	5	0	9991	1861	0.5	0	509	1018
#	0	0	1	1	0	1	0.03125	0.5	6	0	9965	1868	0.8333333333333334	0	127	254
1	0	#	0	#	1	0	0.03125	0.5	4	0	9984	1873	0.6666666666666666	0	254	508
#	0	1	0	#	#	1	0.23691528048270769	0.7497536945812808	10	0	9999	1888	0.5	0	761	1015
0	0	0	#	1	1	1	0.0	0.0	3	0	1888	1888	0.8333333333333334	0	0	254
0	1	#	1	0	#	0	0.0	0.0	3	0	1890	1890	0.6666666666666666	0	0	507
1	#	#	0	1	0	1	0.03156063373953459	0.500990099009901	3	0	9971	1906	0.6666666666666666	0	253	505
1	0	#	0	#	#	0	0.03156063373953459	0.500990099009901	5	0	9992	1909	0.5	0	506	1010
0	1	1	#	1	0	0	0.0306372739343103	0.4980237154150198	3	0	9946	1911	0.8333333333333334	0	126	253
0	#	1	1	1	1	0	0.0	0.0	4	0	1915	1915	0.8333333333333334	0	0	253
0	1	#	#	#	0	1	0.03109545035261522	0.49950445986124875	5	0	9981	1919	0.5	0	504	1009
#	0	0	1	1	1	0	0.03125	0.5	4	0	9961	1922	0.8333333333333334	0	126	252
#	#	#	0	1	0	1	0.007415771484375	0.375	4	0	9971	1940	0.5	0	378	1008
0	1	1	#	0	1	0	0.030632430555994714	0.49800796812749004	4	0	9940	1942	0.8333333333333334	0	125	251
1	#	0	#	0	0	1	0.0	0.0	1	0	1969	1969	0.6666666666666666	0	0	502
#	#	0	1	0	0	0	0.23809517543202513	0.7504990019960079	5	0	9978	1970	0.6666666666666666	0	376	501
#	#	1	#	1	#	1	0.23710768876646895	0.7498754359740907	6	0	9998	1972	0.3333333333333333	0	1505	2007
1	1	0	#	0	#	1	0.03125	0.5	5	0	9967	1980	0.6666666666666666	0	250	500
1	#	#	0	#	#	0	0.0314064060937502	0.5004995004995005	1	0	9992	1982	0.3333333333333333	0	1002	2002
#	0	0	0	0	0	1	0.0	0.0	5	0	1987	1987	0.8333333333333334	0	0	252
1	1	0	0	1	0	1	0.0	0.0	1	0	1989	1989	1.0	0	0	125
0	#	1	#	0	#	0	0.0009620449810932954	0.24925224327018944	1	0	9941	1991	0.5	0	250	1003
0	1	1	0	0	#	0	1.0	1.0	21	0	9941	2005	0.8333333333333334	0	248	248
#	0	#	1	1	0	0	0.0009475577710969732	0.24849699398797595	3	0	9944	2008	0.6666666666666666	0	124	499
1	1	#	1	#	0	0	1.0	1.0	20	0	9994	2010	0.6666666666666666	0	500	500
#	0	#	1	#	1	0	0.031406719845941455	0.5005005005005005	1	0	9988	2018	0.5	0	500	999
0	1	0	1	0	#	0	0.0	0.0	3	0	2029	2029	0.8333333333333334	0	0	248
1	1	1	1	1	0	0	1.0	1.0	16	0	9994	2031	1.0	0	125	125
1	0	0	1	1	0	0	0.0	0.0	1	0	2033	2033	1.0	0	0	124
#	1	#	0	1	#	1	0.0009667773835998482	0.24949698189134809	3	0	9955	2034	0.5	0	248	994
#	0	1	0	1	#	0	0.0	0.0	3	0	2039	2039	0.6666666666666666	0	0	496
0	1	0	0	1	0	1	0.0	0.0	3	0	2041	2041	1.0	0	0	124
1	1	1	1	#	#	0	0.031565654002102976	0.5010060362173038	7	0	9994	2054	0.6666666666666666	0	249	497
1	1	1	0	#	#	0	0.03125	0.5	9	0	9968	2061	0.6666666666666666	0	248	496
0	1	0	#	#	0	0	0.03125	0.5	5	0	9990	2062	0.6666666666666666	0	248	496
0	0	1	0	0	0	1	1.0	1.0	18	0	9999	2065	1.0	0	124	124
#	1	0	#	0	0	1	0.0009765625	0.25	3	0	9956	2067	0.6666666666666666	0	124	496
0	0	#	1	#	0	0	0.03093561624048281	0.498989898989899	4	0	9944	2071	0.6666666666666666	0	247	495
0	0	#	0	0	#	1	0.03125	0.5	4	0	9999	2078	0.6666666666666666	0	248	496
1	1	#	0	0	1	1	1.0	1.0	18	0	9949	2080	0.8333333333333334	0	246	246
1	0	1	#	0	1	1	0.0	0.0	3	0	2081	2081	0.8333333333333334	0	0	248
0	0	#	0	1	0	1	0.0318877340678483	0.5020242914979757	8	0	9954	2081	0.8333333333333334	0	124	247
0	0	#	1	#	0	1	0.0318877340678483	0.5020242914979757	10	0	9995	2084	0.6666666666666666	0	248	494
1	0	#	#	#	0	0	0.031092648859738694	0.49949545913218973	6	0	9992	2090	0.5	0	495	991
#	0	0	1	1	#	0	0.03125	0.5	5	0	9961	2097	0.6666666666666666	0	246	492
0	#	#	1	#	#	1	0.2385092773455079	0.7507598784194529	4	0	9996	2104	0.3333333333333333	0	1482	1974
1	0	#	#	0	1	1	0.0	0.0	3	0	2109	2109	0.6666666666666666	0	0	494
0	#	0	0	1	0	0	1.0	1.0	19	0	9973	2111	0.8333333333333334	0	246	246
0	#	1	#	1	0	1	0.2373046875	0.75	8	0	9981	2112	0.6666666666666666	0	369	492
0	0	0	0	0	#	1	0.0	0.0	2	0	2113	2113	0.8333333333333334	0	0	248
#	1	1	#	1	#	0	0.031408951859022365	0.500507614213198	5	0	9994	2119	0.5	0	493	985
0	0	#	0	#	0	1	0.03125	0.5	5	0	9999	2120	0.6666666666666666	0	247	494
#	1	#	0	1	0	0	1.0	1.0	21	0	9973	2126	0.6666666666666666	0	492	492
#	0	#	0	#	0	1	0.03125	0.5	2	0	9999	2129	0.5	0	492	984
#	#	1	1	1	#	0	3.0517578125e-05	0.125	1	0	9994	2133	0.5	0	123	984
1	#	1	1	1	0	0	0.03125	0.5	5	0	9994	2140	0.8333333333333334	0	123	246
#	#	1	#	0	0	1	0.007466356368235293	0.37551020408163266	2	0	9999	2165	0.5	0	368	980
0	1	1	1	1	#	0	0.0	0.0	2	0	2169	2169	0.8333333333333334	0	0	245
#	0	#	#	0	1	1	0.0009715952544578459	0.24974515800203873	2	0	9983	2170	0.5	0	245	981
1	1	#	0	1	0	0	1.0	1.0	18	0	9968	2174	0.8333333333333334	0	244	244
#	0	#	#	#	0	0	0.031090561557363918	0.4994887525562372	3	0	9997	2185	0.3333333333333333	0	977	1956
1	#	1	0	#	#	0	0.03125	0.5	4	0	9984	2189	0.5	0	488	976
#	0	#	0	#	#	1	0.031330087092776314	0.5002560163850487	1	0	9999	2190	0.3333333333333333	0	977	1953
1	1	1	#	0	0	1	0.0	0.0	4	0	2199	2199	0.8333333333333334	0	0	244
1	#	0	#	0	1	1	0.03125	0.5	4	0	9967	2202	0.6666666666666666	0	244	488
1	#	0	0	0	1	1	0.030612266365826674	0.49794238683127573	5	0	9948	2206	0.8333333333333334	0	121	243
0	0	1	0	#	#	0	0.0	0.0	2	0	2215	2215	0.6666666666666666	0	0	486
#	0	1	1	0	1	0	0.03125	0.5	5	0	9980	2218	0.8333333333333334	0	122	244
#	1	0	#	#	0	1	0.0009715544977427999	0.249743062692703	1	0	9974	2219	0.5	0	243	973
0	#	#	1	0	1	1	0.23649366745427597	0.7494866529774127	7	0	9996	2225	0.6666666666666666	0	365	487
0	1	#	1	1	1	0	0.0	0.0	3	0	2233	2233	0.8333333333333334	0	0	243
0	#	1	1	0	1	1	1.0	1.0	11	0	9996	2234	0.8333333333333334	0	244	244
#	1	1	0	0	#	0	0.2373046875	0.75	12	0	9957	2236	0.6666666666666666	0	363	484
#	0	1	#	1	0	0	0.0	0.0	2	0	2254	2254	0.6666666666666666	0	0	484
0	1	0	#	#	#	1	0.03125	0.5	6	0	9987	2255	0.5	0	484	968
1	1	#	0	0	#	0	0.03125	0.5	8	0	9957	2262	0.6666666666666666	0	242	484
1	0	0	0	1	1	0	0.0	0.0	2	0	2266	2266	1.0	0	0	120
#	1	0	1	1	#	1	0.2373046875	0.75	2	0	9987	2270	0.6666666666666666	0	363	484
1	0	#	0	#	#	1	0.031088418133462428	0.49948186528497407	9	0	9971	2279	0.5	0	482	965
#	1	#	0	1	#	0	0.23895034476539087	0.7510373443983402	7	0	9991	2280	0.5	0	724	964
#	0	1	#	0	#	1	0.03141191675159429	0.500517063081696	10	0	9999	2282	0.5	0	484	967
#	0	1	1	0	#	1	0.03125	0.5	8	0	9995	2285	0.6666666666666666	0	242	484
0	#	1	#	1	0	0	0.0009664532444679152	0.2494802494802495	2	0	9946	2286	0.6666666666666666	0	120	481
#	#	0	0	#	0	1	3.099490323683472e-05	0.12538860103626942	3	0	9971	2288	0.5	0	121	965
0	0	#	1	0	1	1	0.03190374303770491	0.5020746887966805	12	0	9983	2292	0.8333333333333334	0	121	241
#	0	1	0	0	0	1	0.03190374303770491	0.5020746887966805	4	0	9999	2300	0.8333333333333334	0	121	241
#	0	1	0	#	0	1	0.2381280895101729	0.7505197505197505	9	0	9999	2309	0.6666666666666666	0	361	481
1	1	0	1	0	#	0	0.03125	0.5	6	0	9947	2318	0.8333333333333334	0	120	240
#	1	#	0	0	0	1	0.0	0.0	3	0	2319	2319	0.6666666666666666	0	0	480
#	0	0	#	1	0	1	0.031577565269860754	0.5010438413361169	6	0	9971	2334	0.6666666666666666	0	240	479
0	1	#	#	1	#	1	0.031577565269860754	0.5010438413361169	6	0	9987	2347	0.5	0	480	958
0	1	1	1	0	0	0	0.0	0.0	4	0	2364	2364	1.0	0	0	119
0	#	#	#	0	1	1	0.03141395556853869	0.5005235602094241	2	0	9996	2365	0.5	0	478	955
#	1	#	#	0	0	1	0.0009714496185714187	0.2497376705141658	2	0	9972	2366	0.5	0	238	953
0	1	1	1	0	#	1	1.0	1.0	26	0	9996	2380	0.8333333333333334	0	238	238
0	#	0	1	0	#	1	0.03125	0.5	6	0	9956	2400	0.6666666666666666	0	237	474
1	#	1	0	1	0	1	0.030596257441187054	0.4978902953586498	3	0	9963	2413	0.8333333333333334	0	118	237
#	1	#	#	#	0	0	0.23667987297731083	0.7496046389035319	3	0	9994	2414	0.3333333333333333	0	1422	1897
1	#	0	1	0	1	1	0.030596257441187054	0.4978902953586498	3	0	9967	2416	0.8333333333333334	0	118	237
#	1	1	#	0	#	0	0.031085353369764073	0.49947201689545934	4	0	9979	2417	0.5	0	473	947
0	#	1	1	#	1	0	0.0	0.0	2	0	2418	2418	0.6666666666666666	0	0	476
#	#	0	0	1	0	0	0.2373046875	0.75	7	0	9973	2428	0.6666666666666666	0	354	472
0	1	1	0	#	0	0	1.0	1.0	28	0	9946	2429	0.8333333333333334	0	236	236
0	#	0	1	0	0	1	0.03125	0.5	4	0	9956	2429	0.8333333333333334	0	118	236
0	1	1	0	1	0	0	1.0	1.0	30	0	9946	2433	1.0	0	118	118
0	#	0	#	0	1	1	0.0009765625	0.25	2	0	9937	2442	0.6666666666666666	0	118	472
#	0	#	0	1	0	1	0.2373046875	0.75	6	0	9971	2443	0.6666666666666666	0	354	472
0	1	#	0	1	0	1	0.0	0.0	1	0	2448	2448	0.8333333333333334	0	0	236
#	1	0	#	#	1	0	0.0009662395219467548	0.2494692144373673	3	0	9969	2454	0.5	0	235	942
#	1	1	1	0	0	1	0.03125	0.5	6	0	9972	2456	0.8333333333333334	0	118	236
#	0	1	1	0	0	1	0.03125	0.5	8	0	9995	2466	0.8333333333333334	0	118	236
1	#	1	#	#	#	0	0.03158386448891468	0.5010638297872341	3	0	9994	2477	0.3333333333333333	0	942	1880
#	1	1	0	#	0	0	1.0	1.0	22	0	9968	2479	0.6666666666666666	0	469	469
0	0	#	1	1	1	0	0.03059074102380611	0.4978723404255319	5	0	9961	2479	0.8333333333333334	0	117	235
#	#	1	0	#	0	0	0.0948596189955631	0.624332977588047	5	0	9968	2485	0.5	0	585	937
1	#	1	#	0	1	0	0.03192057641682165	0.502127659574468	6	0	9984	2488	0.6666666666666666	0	236	470
1	0	1	0	#	#	1	0.03091826203008146	0.4989339019189765	12	0	9963	2491	0.6666666666666666	0	234	469
1	0	1	0	#	#	0	0.03158457938917333	0.5010660980810234	4	0	9984	2494	0.6666666666666666	0	235	469
0	#	1	0	1	1	0	0.03192057641682165	0.502127659574468	5	0	9991	2497	0.8333333333333334	0	118	235
#	1	0	1	0	#	1	0.2373046875	0.75	11	0	9967	2509	0.6666666666666666	0	351	468
0	#	#	#	#	#	0	0.031083155747216307	0.4994649545211343	2	0	9997	2521	0.16666666666666666	0	1867	3738
1	0	#	0	#	1	1	0.03091684739510595	0.4989293361884368	5	0	9958	2524	0.6666666666666666	0	233	467
1	1	0	#	1	#	1	0.03125	0.5	6	0	9966	2524	0.6666666666666666	0	234	468
#	#	1	1	0	1	1	0.23645898384370387	0.7494646680942184	5	0	9996	2527	0.6666666666666666	0	350	467
#	1	#	1	#	1	0	0.0	0.0	2	0	2531	2531	0.5	0	0	933
#	0	0	#	#	0	1	0.0009923641538677164	0.2508038585209003	3	0	9971	2531	0.5	0	234	933
#	1	#	#	0	0	0	0.23688017117318086	0.7497314715359829	8	0	9990	2535	0.5	0	698	931
#	0	1	#	0	1	0	0.03125	0.5	6	0	9984	2536	0.6666666666666666	0	234	468
1	1	0	0	1	0	0	1.0	1.0	19	0	9964	2541	1.0	0	116	116
#	#	0	#	#	0	0	0.23772981223419304	0.7502685284640171	2	0	9997	2549	0.3333333333333333	0	1397	1862
1	1	0	0	0	1	1	1.0	1.0	26	0	9948	2551	1.0	0	116	116
1	0	1	1	#	0	1	0.03125	0.5	6	0	9998	2552	0.8333333333333334	0	117	234
1	1	0	#	0	#	0	0.03125	0.5	6	0	9952	2556	0.6666666666666666	0	232	464
0	0	0	#	1	0	1	0.0	0.0	3	0	2567	2567	0.8333333333333334	0	0	232
1	#	#	1	0	1	0	0.0315889339208337	0.5010799136069114	3	0	9988	2579	0.6666666666666666	0	232	463
#	0	1	0	#	1	1	0.2373046875	0.75	10	0	9976	2581	0.6666666666666666	0	348	464
1	1	#	1	1	0	0	1.0	1.0	20	0	9994	2585	0.8333333333333334	0	232	232
0	#	1	0	#	1	1	0.0315889339208337	0.5010799136069114	6	0	9976	2585	0.6666666666666666	0	232	463
0	0	1	1	1	#	0	0.0	0.0	2	0	2589	2589	0.8333333333333334	0	0	232
0	#	1	#	0	#	1	0.239878466961331	0.7516198704103672	8	0	9999	2602	0.5	0	696	926
0	#	1	0	1	#	0	0.0315904107293384	0.5010845986984815	8	0	9991	2609	0.6666666666666666	0	231	461
0	1	1	#	1	1	0	0.03125	0.5	6	0	9991	2614	0.8333333333333334	0	116	232
#	1	1	#	0	1	1	0.23816386360099026	0.7505422993492408	5	0	9996	2615	0.6666666666666666	0	346	461
0	#	1	1	0	0	0	0.0	0.0	5	0	2622	2622	0.8333333333333334	0	0	231
1	#	1	#	#	0	1	0.000981864129770252	0.2502708559046587	2	0	9998	2624	0.5	0	231	923
1	1	#	#	1	1	0	0.0	0.0	3	0	2625	2625	0.6666666666666666	0	0	460
#	#	1	0	1	0	1	0.03125	0.5	3	0	9963	2626	0.6666666666666666	0	230	460
0	1	1	0	0	#	1	0.0	0.0	2	0	2627	2627	0.8333333333333334	0	0	230
#	1	0	1	0	0	0	0.03125	0.5	6	0	9947	2644	0.8333333333333334	0	115	230
1	1	0	#	1	#	0	0.03125	0.5	3	0	9977	2648	0.6666666666666666	0	230	460
#	0	1	0	0	#	0	0.030911066113761713	0.4989106753812636	2	0	9984	2670	0.6666666666666666	0	229	459
0	1	1	#	1	1	1	0.03125	0.5	9	0	9975	2673	0.8333333333333334	0	115	230
0	#	0	1	1	#	0	0.0305736187019339	0.4978165938864629	2	0	9961	2675	0.6666666666666666	0	228	458
#	0	0	0	1	0	0	0.03125	0.5	8	0	9953	2675	0.8333333333333334	0	114	228
1	0	#	#	0	0	1	0.0	0.0	2	0	2680	2680	0.6666666666666666	0	0	459
0	0	#	#	1	0	0	0.03125	0.5	7	0	9953	2692	0.6666666666666666	0	228	456
#	#	0	#	0	0	0	0.512908935546875	0.875	7	0	9997	2702	0.5	0	798	912
0	#	1	0	0	0	0	0.030567711897720097	0.4977973568281938	6	0	9941	2715	0.8333333333333334	0	113	227
#	0	#	#	1	0	0	0.0009447898830300177	0.24835164835164836	3	0	9953	2721	0.5	0	226	910
1	1	1	1	1	#	0	0.03194441731232757	0.5022026431718062	3	0	9994	2721	0.8333333333333334	0	114	227
0	1	#	#	0	1	0	0.03125	0.5	3	0	9969	2728	0.6666666666666666	0	227	454
0	0	1	1	0	0	0	0.0	0.0	9	0	2732	2732	1.0	0	0	114
0	#	#	1	0	0	1	0.23905213714544674	0.751101321585903	11	0	9995	2737	0.6666666666666666	0	341	454
1	1	1	#	1	#	0	0.03159644894038385	0.5011037527593819	11	0	9994	2740	0.6666666666666666	0	227	453
0	1	1	0	0	0	1	0.0	0.0	2	0	2741	2741	1.0	0	0	113
#	1	0	0	0	#	0	0.23817905901892908	0.7505518763796909	6	0	9990	2747	0.6666666666666666	0	340	453
0	#	#	1	1	0	1	0.2373046875	0.75	6	0	9981	2751	0.6666666666666666	0	339	452
0	1	0	0	1	1	1	0.0	0.0	1	0	2751	2751	1.0	0	0	113
0	0	#	#	1	1	0	0.03125	0.5	7	0	9986	2757	0.6666666666666666	0	226	452
1	#	#	1	0	0	1	0.0	0.0	3	0	2764	2764	0.6666666666666666	0	0	452
0	#	0	1	1	0	0	0.03125	0.5	6	0	9944	2767	0.8333333333333334	0	113	226
0	1	1	1	#	#	1	1.0	1.0	24	0	9996	2768	0.6666666666666666	0	452	452
0	1	1	#	#	0	0	0.030905080642982044	0.49889135254988914	8	0	9946	2777	0.6666666666666666	0	225	451
0	1	1	#	0	0	1	0.03195064477981338	0.5022222222222222	11	0	9972	2778	0.8333333333333334	0	113	225
0	0	#	1	0	#	0	0.030905080642982044	0.49889135254988914	5	0	9970	2780	0.6666666666666666	0	225	451
#	0	1	0	0	1	0	0.03125	0.5	3	0	9984	2786	0.8333333333333334	0	113	226
1	1	1	#	0	1	0	0.0	0.0	2	0	2789	2789	0.8333333333333334	0	0	224
0	#	1	0	0	1	0	0.030561701021131597	0.49777777777777776	5	0	9940	2793	0.8333333333333334	0	112	225
1	0	1	#	1	#	0	0.0	0.0	3	0	2796	2796	0.6666666666666666	0	0	450
1	0	#	0	#	0	1	0.03125	0.5	7	0	9971	2797	0.6666666666666666	0	225	450
1	0	1	0	0	0	0	1.0	1.0	18	0	9962	2805	1.0	0	112	112
#	0	0	1	#	1	1	0.0009657359717932343	0.24944320712694878	1	0	9942	2818	0.6666666666666666	0	112	449
0	1	1	0	#	0	1	0.0	0.0	4	0	2821	2821	0.8333333333333334	0	0	224
#	#	1	1	#	0	1	0.09568681324215193	0.6254180602006689	4	0	9998	2829	0.5	0	561	897
1	0	1	0	1	0	1	1.0	1.0	26	0	9963	2834	1.0	0	112	112
0	#	1	1	1	0	0	0.0	0.0	2	0	2846	2846	0.8333333333333334	0	0	224
#	#	1	0	0	1	0	0.03125	0.5	1	0	9984	2848	0.6666666666666666	0	223	446
1	1	#	#	0	0	1	0.0	0.0	3	0	2848	2848	0.6666666666666666	0	0	446
0	1	#	0	0	1	0	1.0	1.0	13	0	9969	2851	0.8333333333333334	0	223	223
#	0	0	#	0	1	1	0.0	0.0	1	0	2853	2853	0.6666666666666666	0	0	448
0	1	1	#	0	0	0	0.03055558329735004	0.4977578475336323	6	0	9941	2866	0.8333333333333334	0	111	223
1	0	1	0	1	#	0	0.0	0.0	1	0	2866	2866	0.8333333333333334	0	0	222
1	1	#	#	#	1	0	0.0	0.0	2	0	2868	2868	0.5	0	0	888
#	#	1	1	0	0	1	0.030902007925951786	0.4988814317673378	6	0	9995	2870	0.6666666666666666	0	223	447
0	0	#	1	0	#	1	0.031956984948222154	0.5022421524663677	7	0	9995	2872	0.6666666666666666	0	224	446
0	0	#	#	0	#	1	0.031425758836559126	0.500561167227834	6	0	9999	2890	0.5	0	446	891
#	#	1	0	0	0	1	0.0010099271753365607	0.251685393258427	2	0	9999	2892	0.6666666666666666	0	112	445
#	#	0	1	#	1	0	0.007415771484375	0.375	1	0	9988	2893	0.5	0	333	888
0	1	1	0	0	1	0	1.0	1.0	25	0	9940	2917	1.0	0	110	110
#	1	#	1	1	0	0	0.03125	0.5	4	0	9994	2917	0.6666666666666666	0	222	444
0	#	#	#	0	0	0	0.03107384486845046	0.4994350282485876	2	0	9997	2918	0.5	0	442	885
0	1	1	1	#	#	0	0.0	0.0	3	0	2927	2927	0.6666666666666666	0	0	444
1	#	0	0	0	0	1	0.0	0.0	4	0	2931	2931	0.8333333333333334	0	0	221
#	#	1	#	0	1	1	0.09493668513816905	0.6244343891402715	1	0	9996	2939	0.5	0	552	884
#	1	0	#	0	#	1	0.03107264518021247	0.49943117178612056	3	0	9967	2966	0.5	0	439	879
1	#	#	#	0	0	1	0.0	0.0	1	0	2967	2967	0.5	0	0	880
1	1	#	0	#	#	1	0.03071915165801505	0.4982896237172178	6	0	9955	2973	0.5	0	437	877
#	1	1	#	1	0	1	0.0009877358676299275	0.2505694760820046	2	0	9981	2975	0.6666666666666666	0	110	439
0	#	1	#	1	1	1	0.23640512565700972	0.7494305239179955	14	0	9982	2979	0.6666666666666666	0	329	439
#	#	0	#	#	1	0	0.0314287752769683	0.5005707762557078	1	0	9993	2985	0.3333333333333333	0	877	1752
#	1	1	0	0	1	0	0.03125	0.5	6	0	9940	2999	0.8333333333333334	0	109	218
1	#	1	0	1	#	0	0.0009765625	0.25	2	0	9968	3000	0.6666666666666666	0	109	436
1	#	0	0	1	0	0	0.03125	0.5	4	0	9964	3008	0.8333333333333334	0	109	218
1	1	#	1	1	0	1	0.0	0.0	1	0	3018	3018	0.8333333333333334	0	0	218
#	#	#	0	1	0	0	0.095367431640625	0.625	3	0	9973	3019	0.5	0	545	872
0	#	1	1	0	#	1	1.0	1.0	27	0	9996	3029	0.6666666666666666	0	436	436
0	#	0	0	0	0	1	0.0	0.0	2	0	3031	3031	0.8333333333333334	0	0	218
0	0	1	0	#	1	0	0.0	0.0	5	0	3041	3041	0.8333333333333334	0	0	217
0	1	#	0	0	#	0	1.0	1.0	14	0	9990	3041	0.6666666666666666	0	434	434
1	#	1	1	#	1	0	0.0009992722845392566	0.2511520737327189	2	0	9980	3058	0.6666666666666666	0	109	434
1	0	#	0	0	0	1	0.0	0.0	2	0	3061	3061	0.8333333333333334	0	0	217
#	1	#	1	#	0	1	0.03125	0.5	2	0	9981	3067	0.5	0	433	866
0	1	1	1	1	1	1	1.0	1.0	27	0	9975	3078	1.0	0	108	108
1	1	1	1	1	1	0	0.0	0.0	3	0	3081	3081	1.0	0	0	108
#	1	1	1	#	1	1	1.0	1.0	20	0	9996	3081	0.6666666666666666	0	433	433
1	1	0	0	0	#	0	0.03125	0.5	8	0	9952	3083	0.8333333333333334	0	108	216
1	#	#	#	1	0	0	0.03125	0.5	4	0	9994	3087	0.5	0	432	864
1	0	1	0	#	0	0	0.03125	0.5	1	0	9962	3096	0.8333333333333334	0	108	216
0	0	1	0	0	0	0	0.0	0.0	2	0	3101	3101	1.0	0	0	108
#	0	0	1	1	0	0	0.030529984854271264	0.49767441860465117	6	0	9944	3107	0.8333333333333334	0	107	215
1	1	1	1	1	0	1	0.0	0.0	3	0	3110	3110	1.0	0	0	108
1	#	0	0	#	#	0	0.03125	0.5	2	0	9992	3122	0.5	0	429	858
1	1	1	#	1	0	0	1.0	1.0	17	0	9994	3123	0.8333333333333334	0	215	215
#	0	0	0	0	#	1	0.0	0.0	4	0	3129	3129	0.6666666666666666	0	0	431
1	#	#	#	0	1	1	0.03106810293916744	0.49941656942823803	1	0	9967	3136	0.5	0	428	857
1	#	#	1	1	0	0	0.03125	0.5	2	0	9994	3143	0.6666666666666666	0	215	430
0	#	1	0	0	#	1	0.03199048845210091	0.5023474178403756	5	0	9999	3170	0.6666666666666666	0	214	426
#	0	#	0	#	1	0	0.03161764301184938	0.5011709601873536	1	0	9993	3173	0.5	0	428	854
1	1	0	1	0	0	1	0.0	0.0	4	0	3186	3186	1.0	0	0	106
1	#	1	0	0	1	1	0.03052328762601331	0.49765258215962443	3	0	9949	3186	0.8333333333333334	0	106	213
0	0	1	0	#	0	0	0.0	0.0	2	0	3197	3197	0.8333333333333334	0	0	213
1	#	#	0	0	1	0	0.031619381238253724	0.5011764705882353	3	0	9984	3198	0.6666666666666666	0	213	425
#	0	1	#	#	1	0	0.0009765625	0.25	3	0	9984	3210	0.5	0	212	848
0	1	1	1	#	1	0	0.0	0.0	8	0	3219	3219	0.8333333333333334	0	0	212
#	1	1	0	#	#	1	0.0009823409601935182	0.2502951593860685	2	0	9949	3220	0.5	0	212	847
0	#	#	0	0	1	1	0.0009881604993538546	0.25059101654846333	1	0	9976	3221	0.6666666666666666	0	106	423
0	#	0	#	0	0	1	0.0009881604993538546	0.25059101654846333	3	0	9956	3231	0.6666666666666666	0	106	423
0	0	#	#	#	1	1	0.03106596046504646	0.49940968122786306	8	0	9983	3234	0.5	0	423	847
1	0	1	#	#	#	1	0.03125	0.5	8	0	9998	3234	0.5	0	424	848
#	#	1	0	1	#	1	0.09424016970993335	0.6235154394299287	4	0	9963	3244	0.5	0	525	842
#	1	0	0	1	0	0	1.0	1.0	14	0	9973	3246	0.8333333333333334	0	211	211
1	1	0	0	1	#	0	0.03125	0.5	5	0	9964	3256	0.8333333333333334	0	105	210
0	#	0	1	#	1	0	0.03125	0.5	8	0	9970	3270	0.6666666666666666	0	210	420
#	#	0	#	0	#	1	0.0009765625	0.25	1	0	9967	3278	0.3333333333333333	0	420	1680
1	0	0	0	#	#	0	0.03125	0.5	5	0	9992	3278	0.6666666666666666	0	210	420
0	1	1	0	#	1	0	1.0	1.0	22	0	9991	3280	0.8333333333333334	0	210	210
0	0	1	#	1	1	0	0.0	0.0	2	0	3301	3301	0.8333333333333334	0	0	209
0	1	1	0	#	#	0	1.0	1.0	20	0	9991	3334	0.6666666666666666	0	417	417
#	1	#	0	1	1	0	0.031626501678078955	0.5011990407673861	4	0	9991	3334	0.6666666666666666	0	209	417
0	1	#	#	0	1	1	0.03125	0.5	4	0	9996	3343	0.6666666666666666	0	208	416
#	0	1	0	0	1	1	0.03125	0.5	2	0	9976	3345	0.8333333333333334	0	104	208
#	1	0	1	#	0	1	0.03125	0.5	5	0	9974	3346	0.6666666666666666	0	208	416
0	1	#	#	1	1	1	0.03162832488848733	0.5012048192771085	9	0	9987	3354	0.6666666666666666	0	208	415
0	1	1	0	0	1	1	0.0	0.0	3	0	3355	3355	1.0	0	0	103
1	1	0	#	1	0	0	1.0	1.0	13	0	9977	3356	0.8333333333333334	0	208	208
0	0	0	#	#	0	1	0.0	0.0	2	0	3369	3369	0.6666666666666666	0	0	413
#	1	1	0	#	#	0	0.23826388062028334	0.7506053268765133	8	0	9991	3372	0.5	0	620	826
#	1	#	1	0	#	1	0.23682682884023046	0.7496977025392987	11	0	9996	3379	0.5	0	620	827
1	0	0	0	0	1	1	0.0	0.0	5	0	3381	3381	1.0	0	0	103
1	1	0	#	#	1	0	0.0	0.0	2	0	3395	3395	0.6666666666666666	0	0	412
0	1	1	0	1	1	1	0.0	0.0	5	0	3408	3408	1.0	0	0	103
1	1	#	1	0	0	1	0.0	0.0	2	0	3432	3432	0.8333333333333334	0	0	205
#	1	1	#	#	1	0	0.000988559438346479	0.2506112469437653	2	0	9991	3448	0.5	0	205	818
#	0	1	1	#	#	0	0.0009825098788743697	0.2503037667071689	1	0	9989	3451	0.5	0	206	823
1	0	1	#	#	1	0	0.03125	0.5	3	0	9984	3459	0.6666666666666666	0	204	408
1	#	0	1	1	0	0	0.03125	0.5	7	0	9977	3466	0.8333333333333334	0	102	204
#	#	0	1	1	0	0	0.03125	0.5	1	0	9977	3475	0.6666666666666666	0	204	408
#	1	1	1	#	0	1	0.03125	0.5	4	0	9981	3476	0.6666666666666666	0	204	408
0	1	1	1	0	0	1	1.0	1.0	22	0	9972	3477	1.0	0	102	102
#	#	1	#	#	1	1	0.23681860677946404	0.7496924969249692	1	0	9996	3491	0.3333333333333333	0	1219	1626
0	#	#	#	0	1	0	0.03125	0.5	2	0	9993	3494	0.5	0	407	814
1	1	0	0	0	#	1	0.03125	0.5	5	0	9948	3494	0.8333333333333334	0	101	202
#	1	0	0	0	1	0	0.03125	0.5	4	0	9969	3516	0.8333333333333334	0	101	202
0	0	#	0	0	0	1	0.03125	0.5	4	0	9999	3522	0.8333333333333334	0	102	204
0	#	#	1	#	1	1	0.2377939753492285	0.7503090234857849	8	0	9996	3524	0.5	0	607	809
1	0	1	0	0	0	1	0.0	0.0	2	0	3528	3528	1.0	0	0	101
1	1	#	#	1	#	0	0.03144361774676142	0.5006180469715699	8	0	9994	3528	0.5	0	405	809
1	0	1	#	#	0	1	0.03125	0.5	4	0	9998	3551	0.6666666666666666	0	202	404
0	1	0	#	#	0	1	0.03125	0.5	6	0	9974	3552	0.6666666666666666	0	202	404
1	1	#	#	1	0	0	1.0	1.0	16	0	9994	3554	0.6666666666666666	0	404	404
1	0	0	1	0	0	1	0.0	0.0	3	0	3561	3561	1.0	0	0	101
1	#	#	1	1	#	0	0.0010010980224790967	0.2512437810945274	1	0	9994	3567	0.5	0	202	804
1	0	0	1	1	#	0	0.0	0.0	1	0	3580	3580	0.8333333333333334	0	0	200
0	1	1	1	0	#	0	0.0	0.0	1	0	3584	3584	0.8333333333333334	0	0	201
1	1	0	1	#	1	0	0.0	0.0	5	0	3591	3591	0.8333333333333334	0	0	200
0	0	0	#	#	1	1	0.0	0.0	2	0	3606	3606	0.6666666666666666	0	0	400
1	#	1	0	#	#	1	0.0310549319458002	0.49937421777221525	2	0	9963	3611	0.5	0	399	799
0	1	0	1	1	1	0	0.0	0.0	2	0	3625	3625	1.0	0	0	100
0	1	#	#	1	#	0	0.030860354003887855	0.49874686716791977	7	0	9991	3633	0.5	0	398	798
1	0	#	1	1	1	0	0.0	0.0	2	0	3639	3639	0.8333333333333334	0	0	199
1	0	#	1	1	#	0	0.0	0.0	3	0	3659	3659	0.6666666666666666	0	0	397
1	1	#	0	1	#	0	0.03125	0.5	5	0	9968	3672	0.6666666666666666	0	198	396
0	0	#	0	#	#	1	0.03125	0.5	3	0	9999	3681	0.5	0	395	790
#	0	#	0	0	1	1	0.0009765625	0.25	1	0	9976	3685	0.6666666666666666	0	99	396
0	#	#	#	#	1	1	0.0315483746642706	0.5009511731135067	5	0	9996	3701	0.3333333333333333	0	790	1577
#	#	1	1	0	0	0	0.030854435482558982	0.49872773536895676	6	0	9989	3720	0.6666666666666666	0	196	393
#	0	0	0	1	#	1	0.03125	0.5	8	0	9971	3721	0.6666666666666666	0	196	392
1	1	1	0	0	#	1	0.03125	0.5	5	0	9949	3731	0.8333333333333334	0	98	196
#	#	#	1	#	1	0	0.0009891145523837361	0.2506393861892583	2	0	9988	3743	0.3333333333333333	0	392	1564
1	0	1	#	#	0	0	0.03125	0.5	7	0	9989	3746	0.6666666666666666	0	196	392
0	0	0	1	0	#	1	0.0	0.0	2	0	3770	3770	0.8333333333333334	0	0	194
#	#	1	0	0	#	0	0.0951225231114496	0.6246786632390745	2	0	9984	3774	0.5	0	486	778
#	1	1	0	0	1	1	0.03125	0.5	1	0	9949	3776	0.8333333333333334	0	97	194
0	1	1	#	0	#	0	0.030850388893082517	0.4987146529562982	5	0	9941	3787	0.6666666666666666	0	194	389
0	1	#	0	0	#	1	0.0	0.0	2	0	3791	3791	0.6666666666666666	0	0	388
0	1	0	1	0	0	1	1.0	1.0	16	0	9956	3794	1.0	0	97	97
#	1	1	0	#	0	1	0.0	0.0	1	0	3800	3800	0.6666666666666666	0	0	387
1	0	1	1	1	#	0	0.0	0.0	4	0	3811	3811	0.8333333333333334	0	0	194
#	1	0	1	1	0	1	0.03125	0.5	2	0	9974	3812	0.8333333333333334	0	97	194
1	1	#	1	1	#	0	0.03165583871520378	0.5012919896640827	8	0	9994	3815	0.6666666666666666	0	194	387
1	#	1	#	1	0	1	0.03084833439195825	0.49870801033591733	3	0	9998	3821	0.6666666666666666	0	193	387
0	1	0	#	1	#	0	0.030448760638390616	0.49740932642487046	4	0	9973	3829	0.6666666666666666	0	192	386
#	1	#	1	#	#	1	0.23576973348551616	0.7490272373540856	5	0	9996	3831	0.3333333333333333	0	1155	1542
0	1	0	#	0	0	1	0.03125	0.5	7	0	9956	3849	0.8333333333333334	0	96	192
1	#	0	0	#	0	1	0.0009765625	0.25	2	0	9971	3850	0.6666666666666666	0	96	384
0	#	#	#	0	#	1	0.03145451500833365	0.5006527415143603	2	0	9999	3870	0.3333333333333333	0	767	1532
#	1	1	0	1	#	0	0.23834458374776954	0.7506561679790026	9	0	9991	3902	0.6666666666666666	0	286	381
#	1	1	#	#	#	1	0.03125	0.5	2	0	9996	3918	0.3333333333333333	0	760	1520
0	0	0	0	1	0	1	0.0	0.0	3	0	3925	3925	1.0	0	0	95
0	0	1	#	1	0	0	0.0	0.0	2	0	3941	3941	0.8333333333333334	0	0	189
0	1	1	0	1	#	0	1.0	1.0	12	0	9991	3942	0.8333333333333334	0	189	189
0	1	#	1	#	#	0	0.0	0.0	1	0	3945	3945	0.5	0	0	758
0	1	#	0	#	#	1	0.0	0.0	2	0	3974	3974	0.5	0	0	753
0	0	#	1	0	1	0	0.03125	0.5	5	0	9970	3975	0.8333333333333334	0	94	188
#	#	0	0	#	1	0	0.095367431640625	0.625	5	0	9993	3983	0.5	0	470	752
#	1	#	#	1	0	0	0.23677851323378768	0.7496671105193076	3	0	9994	3997	0.5	0	563	751
0	1	#	0	0	0	1	0.0	0.0	3	0	4003	4003	0.8333333333333334	0	0	187
#	1	0	0	#	#	1	0.0009571096874939596	0.24899598393574296	3	0	9955	4016	0.5	0	186	747
0	#	0	1	0	#	0	0.03125	0.5	6	0	9970	4023	0.6666666666666666	0	186	372
1	1	#	1	#	#	0	0.03146029533758782	0.5006711409395973	2	0	9994	4030	0.5	0	373	745
0	0	#	#	0	1	1	0.03125	0.5	2	0	9983	4057	0.6666666666666666	0	186	372
0	#	#	0	#	0	1	0.0009897948611455412	0.25067385444743934	1	0	9999	4064	0.5	0	186	742
1	1	0	#	0	0	1	0.0	0.0	3	0	4068	4068	0.8333333333333334	0	0	184
0	1	1	0	#	#	1	0.0	0.0	4	0	4071	4071	0.6666666666666666	0	0	369
#	#	0	1	1	0	1	0.03125	0.5	1	0	9974	4081	0.6666666666666666	0	185	370
#	1	1	0	#	1	0	0.031675743039722294	0.5013550135501355	7	0	9991	4083	0.6666666666666666	0	185	369
0	1	#	1	0	0	0	0.0	0.0	2	0	4085	4085	0.8333333333333334	0	0	184
#	#	1	1	0	#	0	0.007516254726823955	0.37601078167115903	1	0	9989	4086	0.5	0	279	742
#	#	1	1	#	#	0	0.0009765625	0.25	1	0	9994	4104	0.3333333333333333	0	369	1476
0	#	#	#	1	0	0	0.03082656452762148	0.4986376021798365	2	0	9973	4127	0.5	0	366	734
#	#	1	1	1	1	0	0.0	0.0	1	0	4128	4128	0.6666666666666666	0	0	367
0	#	1	0	0	0	1	0.03211320768972151	0.5027322404371585	2	0	9999	4140	0.8333333333333334	0	92	183
1	#	0	0	#	1	0	0.0009765625	0.25	1	0	9959	4142	0.6666666666666666	0	91	364
#	0	1	0	#	1	0	0.0010038391029863996	0.2513812154696133	2	0	9984	4199	0.6666666666666666	0	91	362
#	1	1	0	1	0	0	1.0	1.0	17	0	9968	4213	0.8333333333333334	0	180	180
0	#	1	0	0	#	0	0.03081956580710192	0.4986149584487535	2	0	9941	4229	0.6666666666666666	0	180	361
0	#	1	0	#	#	1	0.031467314878446395	0.5006934812760055	4	0	9999	4237	0.5	0	361	721
#	1	1	0	#	1	1	0.03081477003252402	0.49859943977591037	7	0	9949	4269	0.6666666666666666	0	178	357
1	#	#	0	1	0	0	0.03081477003252402	0.49859943977591037	6	0	9968	4274	0.6666666666666666	0	178	357
#	0	0	#	#	#	1	0.0009562463765976719	0.24895104895104894	1	0	9971	4276	0.3333333333333333	0	356	1430
1	#	#	0	0	0	1	0.0	0.0	2	0	4290	4290	0.6666666666666666	0	0	357
#	0	0	0	0	1	1	0.0	0.0	1	0	4317	4317	0.8333333333333334	0	0	178
#	1	1	1	#	1	0	0.0	0.0	1	0	4350	4350	0.6666666666666666	0	0	353
0	1	0	0	#	#	1	0.0	0.0	4	0	4363	4363	0.6666666666666666	0	0	352
#	0	#	#	#	1	0	0.03158505769265952	0.501067615658363	2	0	9993	4383	0.3333333333333333	0	704	1405
1	1	0	#	#	0	1	0.0	0.0	1	0	4431	4431	0.6666666666666666	0	0	348
#	#	0	#	0	#	0	0.23816138223113717	0.7505407354001442	2	0	9997	4451	0.3333333333333333	0	1041	1387
0	1	0	#	0	1	1	0.030357202006624735	0.49710982658959535	4	0	9937	4455	0.8333333333333334	0	86	173
1	#	#	#	1	0	1	0.03102518079035522	0.49927849927849927	3	0	9998	4462	0.5	0	346	693
0	1	#	1	#	0	0	0.0	0.0	1	0	4471	4471	0.6666666666666666	0	0	345
#	1	1	#	0	1	0	0.0009624912296562928	0.2492753623188406	1	0	9940	4479	0.6666666666666666	0	86	345
1	#	0	1	1	#	0	0.0009765625	0.25	1	0	9977	4491	0.6666666666666666	0	86	344
0	#	#	0	0	0	1	0.000990881353753431	0.25072886297376096	3	0	9999	4501	0.6666666666666666	0	86	343
#	0	1	1	1	#	0	0.0	0.0	3	0	4514	4514	0.6666666666666666	0	0	344
#	1	0	#	1	0	1	0.0009765625	0.25	2	0	9974	4515	0.6666666666666666	0	86	344
0	1	#	#	1	0	1	0.03170820332010979	0.5014577259475219	4	0	9981	4518	0.6666666666666666	0	172	343
#	#	1	0	1	#	0	0.0075069628557676	0.37591776798825255	2	0	9991	4537	0.5	0	256	681
0	#	#	#	0	#	0	0.03125	0.5	2	0	9997	4549	0.3333333333333333	0	683	1366
0	#	#	1	0	#	1	0.23672277339209635	0.7496318114874816	5	0	9996	4563	0.5	0	509	679
1	#	#	0	#	#	1	0.030905587494698045	0.4988929889298893	2	0	9971	4576	0.3333333333333333	0	676	1355
#	1	1	#	1	0	0	0.23614028990774585	0.7492625368731564	3	0	9994	4578	0.6666666666666666	0	254	339
0	0	1	1	0	#	0	0.0	0.0	3	0	4621	4621	0.8333333333333334	0	0	168
#	0	#	1	0	1	1	0.0009765625	0.25	3	0	9983	4631	0.6666666666666666	0	84	336
0	#	#	0	1	#	1	0.000954797494325655	0.24887556221889057	2	0	9954	4645	0.5	0	166	667
0	1	#	1	0	1	0	0.0	0.0	1	0	4655	4655	0.8333333333333334	0	0	167
1	0	0	0	1	0	0	0.0	0.0	4	0	4665	4665	1.0	0	0	83
0	#	1	#	#	0	0	0.0009619872020020531	0.24924924924924924	1	0	9946	4679	0.5	0	166	666
0	0	1	1	#	0	0	0.0	0.0	5	0	4700	4700	0.8333333333333334	0	0	166
0	#	#	1	#	#	0	0.0009473262302489205	0.24848484848484848	3	0	9970	4725	0.3333333333333333	0	328	1320
#	0	#	#	#	1	1	0.031013973890894737	0.49924242424242427	3	0	9985	4729	0.3333333333333333	0	659	1320
0	0	#	#	0	0	1	0.03172491530321712	0.5015105740181269	2	0	9999	4737	0.6666666666666666	0	166	331
1	#	1	0	0	#	1	0.0009765625	0.25	2	0	9949	4757	0.6666666666666666	0	82	328
1	0	1	0	#	1	0	0.03222042316481778	0.5030674846625767	5	0	9984	4798	0.8333333333333334	0	82	163
0	0	#	0	#	1	1	0.030772180259786206	0.49846153846153846	4	0	9976	4806	0.6666666666666666	0	162	325
0	1	1	0	#	1	1	0.0	0.0	2	0	4806	4806	0.8333333333333334	0	0	163
#	#	#	1	0	1	1	0.09448495068456304	0.6238390092879257	4	0	9996	4819	0.5	0	403	646
#	1	1	0	1	#	1	0.0009466088849613418	0.2484472049689441	2	0	9945	4846	0.6666666666666666	0	80	322
#	1	#	#	0	#	0	0.03125	0.5	2	0	9990	4862	0.3333333333333333	0	641	1282
0	0	1	0	1	0	0	0.0	0.0	5	0	4888	4888	1.0	0	0	80
#	1	#	1	0	0	0	0.03125	0.5	3	0	9979	4906	0.6666666666666666	0	159	318
0	1	#	#	#	1	0	0.03100547851068983	0.49921507064364207	3	0	9991	4912	0.5	0	318	637
#	1	0	1	1	#	0	0.0009612561809468883	0.24921135646687698	2	0	9977	4922	0.6666666666666666	0	79	317
1	0	1	0	#	0	1	0.03125	0.5	4	0	9963	4926	0.8333333333333334	0	79	158
1	#	0	1	#	#	0	0.03125	0.5	3	0	9988	4937	0.5	0	316	632
0	0	1	0	0	1	0	0.0	0.0	1	0	4948	4948	1.0	0	0	79
0	0	1	1	1	1	0	0.0	0.0	2	0	4956	4956	1.0	0	0	79
1	#	1	0	0	1	0	0.03225798193812871	0.5031847133757962	4	0	9984	4982	0.8333333333333334	0	79	157
0	1	#	#	0	0	1	0.030753978331832688	0.4984025559105431	4	0	9972	4994	0.6666666666666666	0	156	313
1	1	1	1	#	0	1	0.0	0.0	2	0	5019	5019	0.8333333333333334	0	0	156
0	#	1	0	#	0	1	0.0322711559892223	0.5032258064516129	2	0	9999	5021	0.6666666666666666	0	156	310
0	1	0	0	0	#	1	0.0	0.0	1	0	5031	5031	0.8333333333333334	0	0	156
#	#	1	0	1	0	0	0.031758946941950465	0.5016181229773463	2	0	9968	5039	0.6666666666666666	0	155	309
#	#	1	1	#	1	0	3.0517578125e-05	0.125	1	0	9980	5068	0.5	0	77	616
1	1	1	#	#	#	0	0.03150489261297729	0.5008130081300813	6	0	9994	5080	0.5	0	308	615
1	1	0	0	#	0	1	0.0	0.0	2	0	5082	5082	0.8333333333333334	0	0	154
#	0	0	0	#	0	1	0.0009925713799265217	0.250814332247557	1	0	9971	5090	0.6666666666666666	0	77	307
1	1	0	0	1	1	0	0.0	0.0	3	0	5148	5148	1.0	0	0	76
1	1	#	0	0	#	1	0.03125	0.5	4	0	9949	5199	0.6666666666666666	0	150	300
0	#	1	#	1	#	0	0.0009765625	0.25	1	0	9991	5200	0.5	0	150	600
1	1	0	#	#	#	0	0.03125	0.5	4	0	9977	5208	0.5	0	300	600
#	#	#	1	1	#	0	0.0009643657859672636	0.24937238493723848	1	0	9994	5228	0.3333333333333333	0	298	1195
1	1	0	0	#	1	0	0.0	0.0	2	0	5230	5230	0.8333333333333334	0	0	148
0	0	0	0	#	1	1	0.0	0.0	4	0	5276	5276	0.8333333333333334	0	0	148
0	0	0	#	0	0	1	0.0	0.0	3	0	5332	5332	0.8333333333333334	0	0	146
1	0	1	0	1	0	0	0.0	0.0	2	0	5355	5355	1.0	0	0	72
0	0	0	#	0	1	1	0.0	0.0	2	0	5370	5370	0.8333333333333334	0	0	145
#	1	#	0	0	1	0	0.03125	0.5	1	0	9969	5433	0.6666666666666666	0	142	284
0	1	1	#	1	#	0	0.03125	0.5	4	0	9991	5434	0.6666666666666666	0	143	286
0	0	0	1	#	1	1	0.0	0.0	2	0	5442	5442	0.8333333333333334	0	0	142
1	#	1	#	1	0	0	0.03125	0.5	2	0	9994	5449	0.6666666666666666	0	143	286
1	#	0	0	0	#	1	0.0009593091802748242	0.2491103202846975	1	0	9948	5497	0.6666666666666666	0	70	281
#	#	0	#	1	0	0	0.095367431640625	0.625	1	0	9977	5511	0.5	0	350	560
1	0	#	1	0	0	1	0.0	0.0	1	0	5521	5521	0.8333333333333334	0	0	140
1	#	0	0	1	1	0	0.0	0.0	3	0	5544	5544	0.8333333333333334	0	0	138
0	#	#	0	#	1	1	0.0009854564530898976	0.25045372050816694	1	0	9976	5586	0.5	0	138	551
#	1	0	0	0	1	1	0.03012601775751753	0.49635036496350365	2	0	9948	5613	0.8333333333333334	0	68	137
0	0	1	1	#	1	0	0.0	0.0	1	0	5634	5634	0.8333333333333334	0	0	136
1	1	1	0	#	1	0	0.0	0.0	1	0	5676	5676	0.8333333333333334	0	0	134
1	#	0	1	1	0	1	0.03125	0.5	2	0	9965	5728	0.8333333333333334	0	67	134
#	0	1	0	#	#	0	0.0009951277952438382	0.2509433962264151	1	0	9984	5757	0.5	0	133	530
#	1	#	#	0	1	0	0.0009859344322363666	0.25047801147227533	3	0	9969	5794	0.5	0	131	523
1	#	#	1	1	1	0	0.0	0.0	2	0	5829	5829	0.6666666666666666	0	0	260
#	#	#	0	1	#	0	0.03125	0.5	1	0	9991	5839	0.3333333333333333	0	520	1040
1	1	1	#	0	#	0	0.03125	0.5	1	0	9979	5840	0.6666666666666666	0	130	260
0	1	1	#	0	#	1	0.03186272643523469	0.5019455252918288	3	0	9996	5876	0.6666666666666666	0	129	257
0	1	#	0	0	1	1	0.0	0.0	1	0	5889	5889	0.8333333333333334	0	0	128
#	#	#	0	#	1	0	0.03187249039386427	0.5019762845849802	1	0	9993	5947	0.3333333333333333	0	508	1012
#	1	0	0	1	1	1	0.032520160641024004	0.504	6	0	9955	5969	0.8333333333333334	0	63	125
0	0	1	#	#	0	0	0.0	0.0	3	0	5970	5970	0.6666666666666666	0	0	252
0	#	#	1	0	1	0	0.0009571096874939596	0.24899598393574296	1	0	9970	6019	0.6666666666666666	0	62	249
#	0	#	1	0	#	1	0.0010063941911227212	0.2515090543259557	1	0	9995	6021	0.5	0	125	497
0	1	0	1	0	1	0	0.0	0.0	2	0	6052	6052	1.0	0	0	61
#	1	0	#	1	1	0	0.0009375051012555509	0.24796747967479674	1	0	9936	6058	0.6666666666666666	0	61	246
#	1	1	#	1	1	0	0.0009765625	0.25	1	0	9991	6094	0.6666666666666666	0	61	244
0	#	1	0	1	0	0	0.03125	0.5	4	0	9946	6119	0.8333333333333334	0	60	120
1	1	0	#	0	1	0	0.0	0.0	1	0	6127	6127	0.8333333333333334	0	0	120
1	1	#	#	1	0	1	0.0	0.0	1	0	6133	6133	0.6666666666666666	0	0	242
1	#	1	#	0	#	1	0.0009463618833749198	0.24843423799582465	1	0	9949	6167	0.5	0	119	479
0	1	#	1	1	0	0	0.0	0.0	1	0	6168	6168	0.8333333333333334	0	0	120
1	#	#	0	#	1	0	0.0010182899713623455	0.25210084033613445	1	0	9984	6176	0.5	0	120	476
1	#	0	0	1	#	0	0.0010182899713623455	0.25210084033613445	1	0	9964	6185	0.6666666666666666	0	60	238
1	1	#	#	0	1	0	0.0	0.0	3	0	6211	6211	0.6666666666666666	0	0	236
1	0	1	0	0	#	1	0.0	0.0	2	0	6260	6260	0.8333333333333334	0	0	117
#	1	1	1	0	1	0	0.0	0.0	1	0	6294	6294	0.8333333333333334	0	0	115
#	#	#	0	0	#	0	0.23902179095225906	0.7510822510822511	1	0	9997	6301	0.3333333333333333	0	694	924
#	1	#	#	1	#	0	0.03141965215264807	0.5005417118093174	2	0	9994	6308	0.3333333333333333	0	462	923
0	0	1	0	1	#	0	0.0	0.0	1	0	6321	6321	0.8333333333333334	0	0	114
1	1	1	0	1	0	1	0.0	0.0	1	0	6355	6355	1.0	0	0	57
1	#	0	#	1	0	0	0.03195064477981338	0.5022222222222222	3	0	9977	6387	0.6666666666666666	0	113	225
0	1	1	1	#	0	0	0.0	0.0	2	0	6409	6409	0.8333333333333334	0	0	112
0	1	#	1	1	#	0	0.0	0.0	1	0	6419	6419	0.6666666666666666	0	0	224
0	#	1	1	0	1	0	0.0	0.0	1	0	6428	6428	0.8333333333333334	0	0	112
0	#	1	#	#	1	0	0.0009548619780421888	0.24887892376681614	1	0	9991	6436	0.5	0	111	446
#	0	1	0	0	0	0	0.02986747807348717	0.4954954954954955	3	0	9962	6459	0.8333333333333334	0	55	111
0	#	#	0	1	1	1	0.0009333586897964741	0.24774774774774774	1	0	9950	6464	0.6666666666666666	0	55	222
0	#	1	1	1	#	0	0.0	0.0	2	0	6469	6469	0.6666666666666666	0	0	220
1	1	1	0	0	1	0	0.0	0.0	1	0	6482	6482	1.0	0	0	55
0	1	0	0	#	1	1	0.0	0.0	2	0	6484	6484	0.8333333333333334	0	0	109
#	0	0	0	1	0	1	0.03125	0.5	5	0	9971	6522	0.8333333333333334	0	54	108
1	#	#	#	#	#	1	0.031342182826778704	0.5002946375957572	1	0	9998	6604	0.16666666666666666	0	849	1697
#	#	1	1	0	#	1	0.0946929829227794	0.624113475177305	2	0	9996	6624	0.5	0	264	423
#	1	#	#	0	#	1	0.03125	0.5	1	0	9996	6638	0.3333333333333333	0	419	838
0	0	1	#	1	#	0	0.0	0.0	1	0	6646	6646	0.6666666666666666	0	0	209
0	1	1	0	1	#	1	0.0	0.0	1	0	6650	6650	0.8333333333333334	0	0	105
0	0	0	0	0	0	1	0.0	0.0	1	0	6688	6688	1.0	0	0	52
#	0	0	1	0	1	1	0.0	0.0	2	0	6707	6707	0.8333333333333334	0	0	103
1	0	#	#	1	0	0	0.0	0.0	1	0	6742	6742	0.6666666666666666	0	0	204
#	#	0	#	1	1	0	0.007538954360375626	0.37623762376237624	1	0	9986	6760	0.5	0	152	404
1	1	#	0	1	0	1	0.0	0.0	2	0	6779	6779	0.8333333333333334	0	0	100
1	0	1	1	#	1	0	0.0297333027377109	0.49504950495049505	2	0	9980	6781	0.8333333333333334	0	50	101
#	0	1	0	0	#	1	0.03125	0.5	2	0	9999	6811	0.6666666666666666	0	100	200
0	1	#	#	#	#	0	0.030663345859079125	0.49810844892812106	4	0	9991	6833	0.3333333333333333	0	395	793
#	#	0	0	#	1	1	0.007352605144879148	0.37435897435897436	1	0	9955	6871	0.5	0	146	390
1	1	0	0	0	0	1	0.0	0.0	2	0	6925	6925	1.0	0	0	48
0	1	1	1	1	0	0	0.0	0.0	1	0	6939	6939	1.0	0	0	48
0	1	0	#	1	0	1	0.03125	0.5	2	0	9974	6985	0.8333333333333334	0	47	94
#	0	1	1	1	1	0	0.0	0.0	1	0	6987	6987	0.8333333333333334	0	0	94
#	1	1	0	1	1	1	0.02960563739296655	0.4946236559139785	4	0	9945	7027	0.8333333333333334	0	46	93
0	#	0	0	1	0	1	0.0	0.0	3	0	7047	7047	0.8333333333333334	0	0	92
1	#	1	#	0	1	1	0.030405455433436018	0.4972677595628415	1	0	9949	7067	0.6666666666666666	0	91	183
0	1	1	1	1	1	0	0.0	0.0	2	0	7101	7101	1.0	0	0	45
#	1	0	0	#	0	1	0.0	0.0	1	0	7184	7184	0.6666666666666666	0	0	176
1	0	1	1	0	#	1	0.0	0.0	4	0	7190	7190	0.8333333333333334	0	0	88
1	#	1	1	#	0	1	0.0009765625	0.25	1	0	9998	7209	0.6666666666666666	0	44	176
0	1	1	1	0	1	0	0.0	0.0	1	0	7211	7211	1.0	0	0	44
0	1	1	0	1	0	1	0.0	0.0	1	0	7250	7250	1.0	0	0	43
0	#	1	0	#	1	0	0.03125	0.5	1	0	9991	7283	0.6666666666666666	0	85	170
#	0	0	#	0	#	1	0.0	0.0	2	0	7285	7285	0.5	0	0	341
#	1	1	#	0	#	1	0.031716409659998196	0.5014836795252225	2	0	9996	7306	0.5	0	169	337
0	1	#	0	1	1	1	0.0	0.0	1	0	7381	7381	0.8333333333333334	0	0	81
#	1	#	0	#	#	1	0.0009395197113983828	0.24807395993836673	1	0	9955	7389	0.3333333333333333	0	161	649
0	1	0	1	1	0	0	0.0	0.0	1	0	7391	7391	1.0	0	0	41
#	0	1	1	#	0	0	0.0010068882239005557	0.25153374233128833	1	0	9989	7409	0.6666666666666666	0	41	163
0	#	1	0	1	1	1	0.03125	0.5	1	0	9950	7508	0.8333333333333334	0	39	78
1	0	1	#	0	0	1	0.0	0.0	2	0	7516	7516	0.8333333333333334	0	0	78
#	1	#	0	0	1	1	0.030242020769037464	0.49673202614379086	1	0	9949	7519	0.6666666666666666	0	76	153
1	#	#	1	#	#	0	0.032014645707468634	0.5024232633279483	2	0	9994	7533	0.3333333333333333	0	311	619
#	1	0	1	0	0	1	0.03125	0.5	1	0	9956	7550	0.8333333333333334	0	38	76
#	#	1	0	#	1	1	0.09315555968832297	0.6220735785953178	1	0	9976	7596	0.5	0	186	299
#	#	#	#	1	0	0	0.03125	0.5	2	0	9994	7598	0.3333333333333333	0	300	600
0	#	1	#	1	1	0	0.0010102339203152642	0.25170068027210885	1	0	9991	7658	0.6666666666666666	0	37	147
0	#	1	1	#	#	0	0.0	0.0	1	0	7772	7772	0.5	0	0	280
1	#	#	0	1	#	0	0.0010127275849788025	0.2518248175182482	1	0	9968	7788	0.5	0	69	274
0	#	#	#	0	0	1	0.03125	0.5	1	0	9999	7805	0.5	0	138	276
#	#	1	#	0	#	0	0.03125	0.5	1	0	9989	7887	0.3333333333333333	0	264	528
0	#	0	1	1	0	1	0.03125	0.5	3	0	9974	7891	0.8333333333333334	0	33	66
0	0	#	1	1	0	0	0.028918989154118183	0.49230769230769234	2	0	9944	7904	0.8333333333333334	0	32	65
#	1	0	0	0	#	1	0.0009765625	0.25	3	0	9948	7948	0.6666666666666666	0	32	128
#	1	#	1	1	#	0	0.0009765625	0.25	1	0	9994	7961	0.5	0	64	256
1	0	1	#	#	#	0	0.03125	0.5	3	0	9989	7970	0.5	0	128	256
1	#	#	#	1	1	0	0.0	0.0	1	0	7977	7977	0.5	0	0	250
1	1	0	1	1	0	1	0.0	0.0	1	0	8037	8037	1.0	0	0	31
1	#	#	0	0	1	1	0.029979846186040392	0.49586776859504134	1	0	9949	8058	0.6666666666666666	0	60	121
#	#	0	1	#	0	0	0.095367431640625	0.625	1	0	9978	8084	0.5	0	150	240
#	#	0	1	1	#	1	0.09577394184230051	0.625531914893617	1	0	9987	8115	0.5	0	147	235
0	#	#	#	#	#	1	0.03141782990379039	0.5005359056806002	2	0	9999	8136	0.16666666666666666	0	467	933
0	1	0	0	0	1	1	0.0	0.0	2	0	8229	8229	1.0	0	0	28
1	#	#	0	0	#	1	0.0008671988653899994	0.24413145539906103	1	0	9949	8292	0.5	0	52	213
1	0	1	#	1	0	0	0.0	0.0	2	0	8319	8319	0.8333333333333334	0	0	53
#	0	1	0	1	1	0	0.0	0.0	2	0	8320	8320	0.8333333333333334	0	0	52
1	0	0	#	1	#	0	0.0	0.0	1	0	8342	8342	0.6666666666666666	0	0	102
0	0	0	#	1	#	1	0.0	0.0	1	0	8393	8393	0.6666666666666666	0	0	100
#	1	0	1	#	1	0	0.0	0.0	3	0	8449	8449	0.6666666666666666	0	0	97
#	#	#	1	#	#	1	0.09574398065194435	0.6254927726675427	1	0	9998	8480	0.16666666666666666	0	476	761
0	#	1	#	0	0	0	0.0009229185410844646	0.24719101123595505	1	0	9941	8587	0.6666666666666666	0	22	89
0	1	#	0	1	#	1	0.0	0.0	2	0	8602	8602	0.6666666666666666	0	0	86
#	1	#	1	0	1	0	0.0	0.0	1	0	8654	8654	0.6666666666666666	0	0	84
#	#	1	0	#	#	0	0.031762284157648694	0.501628664495114	1	0	9991	8767	0.3333333333333333	0	154	307
#	1	0	1	0	#	0	0.0009765625	0.25	1	0	9947	8817	0.6666666666666666	0	18	72
1	#	#	#	1	#	0	0.0010290540402463715	0.25263157894736843	1	0	9994	8862	0.3333333333333333	0	72	285
1	#	#	#	#	0	1	0.0010111889532592253	0.2517482517482518	1	0	9998	8865	0.3333333333333333	0	72	286
#	1	1	1	#	0	0	0.03351357518182842	0.5070422535211268	1	0	9994	8890	0.6666666666666666	0	36	71
1	1	0	#	1	0	1	0.0	0.0	2	0	8894	8894	0.8333333333333334	0	0	34
#	#	1	#	1	0	0	0.007321902170177571	0.37404580152671757	1	0	9994	8947	0.5	0	49	131
0	#	0	#	0	#	1	0.0009765625	0.25	1	0	9956	9037	0.5	0	30	120
#	1	1	1	1	1	0	0.0	0.0	1	0	9072	9072	0.8333333333333334	0	0	29
#	1	0	0	1	0	1	0.0	0.0	1	0	9088	9088	0.8333333333333334	0	0	28
1	1	0	#	1	1	0	0.0	0.0	1	0	9126	9126	0.8333333333333334	0	0	27
#	1	1	#	0	0	1	0.0011881376000000001	0.26	1	0	9972	9190	0.6666666666666666	0	13	50
1	0	1	#	1	1	0	0.0	0.0	1	0	9273	9273	0.8333333333333334	0	0	23
#	1	0	#	0	1	0	0.0014420867271822983	0.2702702702702703	1	0	9969	9391	0.6666666666666666	0	10	37
0	#	#	0	1	0	1	0.0008372983503704691	0.24242424242424243	1	0	9954	9447	0.6666666666666666	0	8	33
#	1	#	1	1	1	0	0.0	0.0	2	0	9457	9457	0.6666666666666666	0	0	34
1	#	0	1	#	0	1	0.0009765625	0.25	1	0	9965	9467	0.6666666666666666	0	8	32
#	0	0	#	#	1	1	0.0009765625	0.25	1	0	9942	9486	0.5	0	16	64
0	0	1	1	1	0	0	0.0	0.0	1	0	9570	9570	1.0	0	0	7
1	0	0	#	1	0	0	0.0	0.0	1	0	9591	9591	0.8333333333333334	0	0	12
#	#	#	0	0	0	1	4.420521242657415e-05	0.1346153846153846	1	0	9999	9593	0.5	0	7	52
#	0	0	0	#	#	1	0.0007651622719418543	0.23809523809523808	1	0	9971	9672	0.5	0	10	42
#	#	#	1	#	0	1	0.03558402524936908	0.5131578947368421	1	0	9998	9702	0.3333333333333333	0	39	76
0	#	1	1	#	0	0	0.0	0.0	1	0	9788	9788	0.6666666666666666	0	0	14
#	#	0	#	1	0	1	0.007415771484375	0.375	1	0	9974	9853	0.5	0	6	16
1	#	#	#	0	#	1	0.0	0.0	1	0	9970	9970	0.3333333333333333	0	0	7