L1	L2	L3	L4	R1	R2	R3	R4	Phenotype	Fitness	Accuracy	Numerosity	AveMatchSetSize	TimeStampGA	InitTimeStamp	Specificity	DeletionProb	CorrectCount	MatchCount
#	1	0	0	#	0	#	0	0	1	1	10	101.5	24995	330	0.62		772	772
0	#	0	#	#	0	#	#	0	0.249	0.757	3	88.59	24995	462	0.38		2393	3160
0	#	0	#	#	1	#	1	1	1	1	19	121.66	24946	477	0.5		1533	1533
#	#	1	#	#	1	#	1	3	0.225	0.742	3	99.78	24994	530	0.38		2199	2963
1	#	#	#	#	1	#	1	3	0.225	0.742	2	114.04	24994	622	0.38		2190	2951
1	0	#	#	0	#	1	#	2	0.056	0.562	1	71.53	24984	638	0.5		857	1524
0	#	#	#	1	1	1	#	1	0.237	0.75	1	78.81	24983	663	0.5		1140	1521
1	0	#	#	#	1	#	1	3	0.237	0.75	4	116.74	24986	666	0.5		1140	1520
#	#	0	0	#	0	#	0	0	0.262	0.765	2	98.78	24995	675	0.5		1235	1615
0	0	#	1	#	#	#	1	1	0.238	0.75	3	81.05	24931	787	0.5		1135	1513
#	1	0	0	1	0	0	#	0	1	1	7	103.5	24953	838	0.75		378	378
#	#	0	#	0	#	0	1	1	0.236	0.749	2	89.79	24952	843	0.5		1130	1508
#	#	0	#	#	0	#	0	0	0.25	0.758	2	87.03	24995	887	0.38		2357	3109
#	1	1	1	0	#	1	0	2	1	1	8	99.52	24979	915	0.75		376	376
1	0	#	0	#	0	#	0	2	1	1	13	124.84	24925	984	0.62		749	749
1	#	1	#	#	#	#	0	2	0.238	0.75	4	97.34	24984	1026	0.38		2247	2995
1	#	1	#	#	#	1	0	2	0.238	0.75	4	110.23	24984	1056	0.5		1123	1497
1	0	#	0	#	#	#	0	2	0.237	0.75	1	80.77	24985	1081	0.5		1120	1494
#	0	0	1	0	#	0	1	1	1	1	8	109.94	24907	1099	0.75		372	372
#	1	1	1	0	0	1	#	2	1	1	4	89.32	24912	1112	0.75		372	372
1	#	1	#	#	#	0	0	2	0.237	0.75	1	90.6	24956	1148	0.5		1118	1491
0	#	0	#	#	1	#	#	1	0.237	0.75	4	101.04	24983	1213	0.38		2229	2973
1	#	1	#	1	#	1	1	3	1	1	13	102.5	24898	1235	0.62		649	649
0	#	0	#	0	#	1	0	0	1	1	12	104.33	24992	1259	0.62		742	742
1	#	#	0	0	0	1	#	2	0.236	0.749	3	74.04	24968	1303	0.62		556	742
#	#	0	1	#	1	#	1	1	0.238	0.75	4	95.15	24976	1382	0.5		1105	1473
0	0	#	1	1	#	0	0	0	1	1	6	96.97	24949	1397	0.75		368	368
0	#	0	#	#	0	#	0	0	1	1	16	111.62	24995	1401	0.5		1566	1566
0	0	#	1	0	1	0	#	1	1	1	5	86.31	24966	1414	0.75		368	368
#	1	1	#	0	0	1	#	2	0.237	0.75	1	72.05	24968	1416	0.62		552	736
1	0	#	0	1	#	#	0	2	0.238	0.751	2	87.37	24985	1496	0.62		551	734
#	#	1	#	0	1	0	#	3	0.238	0.75	1	89.71	24993	1554	0.5		1099	1465
#	1	1	#	1	1	1	0	3	0.239	0.751	1	71.45	24909	1573	0.75		275	366
1	0	#	0	#	0	#	#	2	0.238	0.75	2	99.67	24958	1582	0.5		1097	1462
1	0	#	0	0	0	1	#	2	1	1	10	104.89	24958	1593	0.75		365	365
#	1	1	1	#	0	#	0	2	1	1	9	120.29	24912	1599	0.62		731	731
#	#	0	1	0	#	0	1	1	0.236	0.749	1	96.49	24934	1611	0.62		547	730
1	#	1	#	0	0	1	#	2	1	1	16	101.97	24984	1616	0.62		732	732
1	#	1	#	#	0	#	0	2	1	1	17	129.75	24984	1660	0.5		1458	1458
#	1	0	0	1	#	0	0	0	1	1	7	104.7	24953	1708	0.75		363	363
1	#	1	#	0	#	0	#	3	0.238	0.751	3	103.93	24986	1736	0.5		1090	1452
1	#	#	#	#	0	#	0	2	0.237	0.75	2	98.86	24984	1760	0.38		2177	2904
0	#	0	#	0	1	0	#	1	1	1	12	112.95	24934	1779	0.62		723	723
1	1	#	1	1	#	#	0	2	0.238	0.751	2	105.09	24910	1781	0.62		545	726
0	#	0	#	#	0	0	#	0	0.262	0.765	4	102.87	24953	1834	0.5		1175	1536
1	#	1	#	#	1	#	1	3	1	1	19	125.77	24994	1854	0.5		1356	1356
1	#	1	#	1	1	1	#	3	1	1	17	108.3	24909	1869	0.62		630	630
1	#	#	#	0	0	1	#	2	0.237	0.75	1	76.87	24984	1871	0.5		1086	1448
0	0	#	1	#	0	#	0	0	1	1	9	93.75	24949	1909	0.62		720	720
0	#	#	#	1	#	0	0	0	0.238	0.75	4	91.89	24953	1913	0.5		1081	1441
1	0	#	0	#	1	#	1	3	1	1	16	131.1	24986	1922	0.62		721	721
#	1	0	#	1	#	0	0	0	0.237	0.75	2	96.25	24953	1964	0.62		539	719
#	1	#	0	1	0	0	#	0	0.236	0.749	1	91	24953	2031	0.62		538	718
#	0	#	1	#	1	#	1	1	0.238	0.75	2	85.31	24976	2067	0.5		1076	1434
0	0	#	1	#	1	#	1	1	1	1	6	101.78	24931	2084	0.62		715	715
1	#	#	#	0	#	0	1	3	0.238	0.751	3	103.08	24986	2089	0.5		1075	1432
0	#	0	#	1	0	0	#	0	1	1	9	114.87	24953	2090	0.62		715	715
1	0	0	0	#	0	#	#	2	0.237	0.75	4	63.18	24958	2230	0.62		533	711
0	#	#	1	#	1	#	1	1	0.238	0.75	2	90.43	24934	2323	0.5		1064	1418
#	0	1	0	0	1	0	#	3	1	1	11	122.27	24986	2388	0.75		353	353
#	0	1	0	#	0	#	0	2	1	1	10	126.88	24925	2518	0.62		700	700
0	#	0	#	1	#	0	#	0	0.238	0.75	2	103.83	24953	2681	0.5		1045	1393
1	#	1	#	#	0	#	#	2	0.237	0.75	4	83.16	24984	2696	0.38		2091	2788
0	#	0	#	1	#	0	0	0	1	1	12	111.22	24953	2700	0.62		696	696
#	0	0	1	0	1	0	#	1	1	1	7	101.81	24991	2719	0.75		348	348
1	1	#	1	#	0	#	0	2	1	1	9	119.62	24912	2791	0.62		694	694
0	#	0	#	1	1	1	#	1	1	1	17	121.89	24983	2804	0.62		692	692
#	0	0	1	#	1	#	1	1	1	1	11	101.91	24976	2960	0.62		688	688
0	0	#	1	1	#	1	1	1	1	1	6	91.8	24897	3018	0.75		342	342
0	0	#	1	0	0	1	#	0	1	1	6	98.81	24791	3022	0.75		341	341
0	1	#	0	1	0	0	#	0	1	1	3	110.96	24953	3024	0.75		343	343
1	#	1	#	0	1	0	#	3	1	1	9	124.78	24986	3041	0.62		684	684
#	1	0	0	#	1	1	#	1	0.238	0.751	1	97.99	24983	3145	0.62		512	682
0	1	#	0	0	0	1	#	0	1	1	3	79.24	24924	3164	0.75		342	342
0	#	0	#	0	#	0	1	1	1	1	11	117.19	24952	3192	0.62		680	680
0	#	0	#	0	0	1	#	0	1	1	9	86.19	24963	3440	0.62		674	674
1	#	#	1	0	1	0	#	3	0.237	0.75	2	88.97	24947	3553	0.62		500	667
0	1	#	0	0	1	0	#	1	1	1	1	87.65	24804	3556	0.75		333	333
#	0	1	0	1	#	1	1	3	1	1	5	98.02	24936	3566	0.75		334	334
0	0	#	1	0	#	1	0	0	1	1	11	98.07	24992	3582	0.75		333	333
1	#	1	#	0	#	1	#	2	0.238	0.751	4	91.94	24984	3607	0.5		1003	1336
1	0	#	0	1	0	0	#	2	1	1	5	118.44	24925	3675	0.75		333	333
0	#	0	#	#	#	0	0	0	0.262	0.765	2	97.76	24953	3705	0.5		1080	1412
1	0	#	0	0	0	#	#	2	0.237	0.75	2	89.61	24958	3966	0.62		492	656
1	1	#	1	1	0	0	#	2	1	1	4	99.67	24975	3983	0.75		328	328
1	0	#	0	0	1	0	#	3	1	1	7	125.83	24986	3994	0.75		328	328
#	1	0	0	0	1	#	#	1	0.238	0.75	2	98.08	24946	4047	0.62		490	653
#	0	1	0	1	0	0	#	2	1	1	9	123.24	24925	4081	0.75		326	326
#	0	0	1	1	1	1	#	1	1	1	4	94.31	24929	4120	0.75		325	325
1	#	1	#	0	#	0	1	3	1	1	9	116.33	24986	4156	0.62		652	652
1	#	1	#	1	#	#	0	2	0.237	0.75	2	100.06	24956	4225	0.5		972	1296
1	1	#	1	1	#	0	0	2	1	1	7	109.71	24910	4416	0.75		322	322
1	0	#	0	0	#	0	1	3	1	1	8	128.48	24986	4462	0.75		321	321
1	0	#	0	#	1	#	#	3	0.238	0.75	2	104.51	24986	4462	0.5		964	1285
0	#	#	#	0	#	0	1	1	0.236	0.749	3	76.57	24952	4472	0.5		960	1281
#	1	0	#	1	1	1	#	1	0.237	0.75	2	97.74	24983	4503	0.62		480	640
0	1	#	0	0	#	0	1	1	1	1	8	100.39	24945	4561	0.75		318	318
0	#	0	#	1	#	1	1	1	1	1	8	89.9	24927	4573	0.62		638	638
#	1	0	0	0	1	0	#	1	1	1	4	101.16	24867	4580	0.75		317	317
#	0	0	1	0	0	1	#	0	1	1	3	81.29	24849	4625	0.75		316	316
#	0	1	0	0	0	1	#	2	1	1	8	104.09	24855	4631	0.75		316	316
#	0	0	1	#	0	#	0	0	1	1	11	90.53	24990	4774	0.62		632	632
0	1	#	0	1	1	1	#	1	1	1	6	109.25	24983	4874	0.75		314	314
#	0	1	0	1	1	1	#	3	1	1	5	91.62	24997	5029	0.75		312	312
#	1	0	0	0	#	0	1	1	1	1	2	99.99	24867	5101	0.75		309	309
#	0	#	0	0	0	1	#	2	0.237	0.75	4	83.42	24958	5143	0.62		464	619
#	0	0	1	0	#	1	0	0	1	1	4	92.8	24992	5559	0.75		303	303
#	0	0	#	1	1	1	#	1	0.236	0.749	1	89.39	24929	5563	0.62		454	606
0	1	#	0	#	0	#	0	0	1	1	4	96.91	24995	5624	0.62		606	606
1	#	1	#	0	#	1	0	2	1	1	11	116.32	24984	5806	0.62		599	599
1	1	#	1	0	1	0	#	3	1	1	9	115.86	24801	5820	0.75		299	299
0	#	#	#	#	0	#	0	0	0.25	0.758	4	88.92	24995	5826	0.38		1869	2467
1	0	#	0	1	1	1	#	3	1	1	7	101.09	24962	5982	0.75		297	297
1	#	1	#	1	#	0	0	2	1	1	8	101.56	24956	6012	0.62		594	594
0	#	0	#	1	#	1	#	1	0.237	0.75	4	88.12	24983	6067	0.5		887	1183
#	0	1	0	#	1	#	1	3	1	1	10	110.1	24986	6081	0.62		591	591
1	0	1	1	0	#	1	#	2	0.24	0.752	1	78.41	24984	6117	0.75		221	294
#	1	0	0	#	1	#	1	1	1	1	13	112.71	24946	6171	0.62		587	587
1	1	#	1	#	1	#	1	3	1	1	11	96.32	24994	6183	0.62		512	512
1	#	1	#	1	0	0	#	2	1	1	17	113.08	24956	6268	0.62		585	585
#	0	0	#	#	0	#	0	0	0.262	0.765	4	84.35	24990	6302	0.5		950	1242
#	1	0	0	0	0	1	#	0	1	1	1	77.11	24957	6492	0.75		290	290
#	1	0	#	0	#	0	1	1	0.237	0.75	1	89.92	24934	6502	0.62		432	576
#	0	1	0	#	1	#	#	3	0.239	0.751	1	88.55	24997	6504	0.5		868	1156
#	#	0	1	0	#	1	0	0	0.236	0.749	3	66.59	24992	6556	0.62		433	578
1	0	#	#	#	0	#	0	2	0.238	0.75	3	100.19	24984	6596	0.5		862	1149
#	0	1	0	#	0	0	#	2	0.237	0.75	3	101.27	24925	6641	0.62		428	571
0	1	1	1	#	#	0	0	2	0.236	0.749	1	57.49	24861	6649	0.75		215	287
#	1	1	1	#	1	#	1	3	1	1	15	92.11	24994	6714	0.62		499	499
#	#	1	1	0	1	0	#	3	0.237	0.75	2	73.32	24993	6817	0.62		426	568
0	1	#	0	#	1	#	1	1	1	1	9	110.57	24946	6859	0.62		567	567
#	1	#	0	0	1	0	#	1	0.237	0.75	4	79.23	24867	6884	0.62		422	563
0	0	#	#	1	1	1	#	1	0.233	0.747	2	78.65	24857	6950	0.62		420	562
#	1	0	0	#	#	#	0	0	0.238	0.75	2	94.24	24995	7212	0.5		835	1113
1	#	1	#	#	0	0	#	2	0.236	0.749	2	87.55	24956	7292	0.5		829	1107
0	0	#	1	#	0	#	#	0	0.236	0.749	1	75.04	24949	7362	0.5		824	1100
0	0	1	1	0	#	1	#	0	0.237	0.75	1	61.04	24830	7422	0.75		204	272
#	0	0	1	1	0	0	#	0	1	1	9	94.26	24989	7581	0.75		273	273
#	#	1	#	0	1	0	0	3	0.237	0.75	3	51.93	24993	7585	0.62		408	544
0	#	#	0	1	0	0	#	0	0.237	0.75	4	106.63	24953	7888	0.62		401	535
#	1	1	1	1	#	1	1	3	1	1	5	67.18	24977	7891	0.75		200	200
#	1	1	1	1	1	1	#	3	1	1	7	82.98	24909	7951	0.75		200	200
0	1	#	0	0	#	1	0	0	1	1	8	90.74	24919	8023	0.75		265	265
#	1	0	0	1	1	1	#	1	1	1	3	100.66	24983	8199	0.75		263	263
0	#	#	#	1	0	0	1	0	0.237	0.75	1	61.86	24941	8234	0.62		393	524
1	1	#	1	0	#	0	1	3	1	1	6	93.51	24932	8292	0.75		260	260
0	#	0	0	#	0	0	#	0	0.284	0.777	2	110.53	24953	8293	0.62		457	588
0	1	#	#	0	#	1	0	0	0.239	0.751	3	81.12	24963	8427	0.62		389	518
1	1	#	1	#	#	0	0	2	0.24	0.751	1	99.05	24910	8437	0.62		387	515
#	1	0	#	#	1	#	1	1	0.238	0.751	4	106.74	24946	8497	0.5		771	1027
#	1	0	0	0	#	#	1	1	0.237	0.75	1	79.43	24946	8896	0.62		377	503
#	0	1	0	0	#	1	0	2	1	1	7	103.43	24930	8968	0.75		249	249
0	#	0	#	0	#	0	#	1	0.175	0.705	1	94.25	24952	8979	0.5		747	1059
#	1	#	1	0	#	0	1	3	0.236	0.749	3	86.51	24932	9020	0.62		373	498
#	1	0	0	0	#	0	#	1	0.236	0.749	2	86.26	24867	9167	0.62		370	494
1	1	#	1	0	0	1	#	2	1	1	4	94.94	24912	9295	0.75		245	245
#	0	1	0	1	1	#	#	3	0.237	0.75	2	79.07	24997	9381	0.62		366	488
#	1	#	1	0	0	1	#	2	0.236	0.749	2	75.81	24912	9477	0.62		364	486
#	#	1	0	0	1	0	#	3	0.238	0.751	4	102.84	24986	9556	0.62		361	481
#	0	1	#	#	0	#	0	2	0.238	0.75	2	113.28	24984	9668	0.5		718	957
1	1	#	1	1	#	0	#	2	0.239	0.751	4	93.32	24975	9717	0.62		359	478
0	0	#	1	1	#	#	0	0	0.239	0.751	2	76.98	24949	9783	0.62		356	474
#	1	0	0	1	#	1	#	1	0.237	0.75	1	80.19	24983	10057	0.62		351	468
1	1	#	1	1	1	1	#	3	1	1	7	84.45	24909	10165	0.75		173	173
0	1	1	0	1	#	0	#	0	0.236	0.749	2	52.53	24828	10192	0.75		173	231
1	1	#	1	1	#	1	1	3	1	1	6	69.84	24981	10195	0.75		173	173
#	1	1	1	0	1	0	#	3	1	1	5	97.51	24993	10258	0.75		229	229
#	#	0	0	0	1	0	#	1	0.232	0.747	4	86.84	24867	10275	0.62		342	458
1	#	#	#	0	#	1	0	2	0.237	0.75	2	77.02	24984	10414	0.5		683	911
#	1	1	1	1	#	0	0	2	1	1	4	113.84	24910	10489	0.75		227	227
#	1	1	1	0	0	#	#	2	0.239	0.751	2	82	24912	10559	0.62		338	450
0	1	#	0	#	#	#	1	1	0.237	0.75	3	74.56	24946	10961	0.5		657	876
1	0	#	0	1	#	1	1	3	1	1	2	99.3	24962	10971	0.75		219	219
#	1	#	0	1	#	0	0	0	0.234	0.748	2	91.47	24953	11090	0.62		326	436
1	0	#	0	0	#	1	0	2	1	1	1	105.36	24930	11225	0.75		214	214
1	#	#	#	1	#	1	1	3	0.211	0.732	4	69.03	24981	11227	0.5		591	807
0	0	#	1	1	1	1	#	1	1	1	6	89.2	24857	11252	0.75		214	214
#	1	#	1	1	0	0	#	2	0.239	0.751	1	83.41	24975	11253	0.62		323	430
#	1	0	#	#	1	1	1	1	0.238	0.751	1	105.49	24946	11313	0.62		319	425
0	1	1	0	1	#	#	0	0	0.237	0.75	1	50.65	24828	11346	0.75		159	212
0	0	#	1	#	1	#	#	1	0.237	0.75	2	75.72	24966	11435	0.5		635	847
#	1	0	0	0	#	1	0	0	1	1	7	101.03	24957	11461	0.75		211	211
0	1	#	0	0	1	#	#	1	0.235	0.749	1	83.14	24946	11473	0.62		316	422
0	#	#	0	#	0	#	0	0	0.264	0.766	3	95.66	24995	11504	0.5		685	894
#	1	#	0	#	0	#	0	0	0.238	0.751	4	88.9	24995	11504	0.5		635	846
0	1	1	0	#	#	1	1	1	0.232	0.746	1	44.65	24842	11627	0.75		156	209
0	1	1	0	1	#	#	1	1	0.239	0.751	1	49.35	24842	11627	0.75		157	209
1	0	#	0	0	#	0	#	3	0.239	0.751	2	112.19	24986	11630	0.62		314	418
0	0	1	1	#	0	0	#	0	0.239	0.751	1	55.56	24949	11637	0.75		157	209
1	#	#	#	0	1	0	#	3	0.237	0.75	4	98.4	24986	11655	0.5		626	835
1	1	#	1	0	#	0	#	3	0.239	0.751	2	83.33	24932	11708	0.62		311	414
#	#	1	#	0	0	1	#	2	0.238	0.751	3	78.66	24984	11781	0.5		620	826
0	1	#	0	#	1	1	#	1	0.237	0.75	1	96.03	24983	11786	0.62		309	412
#	#	1	#	1	1	1	0	3	0.239	0.751	3	63.55	24997	11824	0.62		308	410
#	1	#	0	#	1	#	1	1	0.239	0.751	3	94.34	24946	11979	0.5		610	812
#	0	#	1	0	#	0	1	1	0.235	0.749	4	83.93	24907	11998	0.62		304	406
#	1	1	1	1	#	#	0	2	0.235	0.749	2	107.22	24910	12025	0.62		304	406
0	1	#	#	1	1	1	#	1	0.237	0.75	4	97.25	24983	12183	0.62		300	400
0	#	0	#	#	1	1	#	1	0.237	0.75	2	102.27	24983	12211	0.5		599	799
#	0	0	1	#	0	1	#	0	0.236	0.749	1	71.84	24886	12215	0.62		299	399
1	0	#	0	0	#	#	1	3	0.236	0.749	2	112.08	24986	12217	0.62		299	399
0	#	#	0	#	1	1	1	1	0.236	0.749	1	97.14	24946	12235	0.62		299	399
#	0	0	#	0	0	0	1	1	0.235	0.749	1	66.06	24952	12254	0.75		149	199
#	1	1	#	#	1	0	#	3	0.056	0.562	1	69.31	24994	12306	0.5		446	793
1	1	#	#	1	1	1	#	3	0.186	0.714	3	77.4	24909	12365	0.62		245	343
0	1	#	0	1	#	1	1	1	1	1	4	84.35	24927	12395	0.75		196	196
1	0	#	0	#	#	#	1	3	0.238	0.75	3	114.36	24986	12418	0.5		589	785
#	#	0	1	0	1	1	0	0	0.233	0.747	1	52.39	24992	12444	0.75		148	198
#	0	1	0	1	0	#	#	2	0.235	0.749	4	110.05	24925	12498	0.62		292	390
1	#	#	0	1	#	0	0	2	0.239	0.751	3	83.35	24985	12546	0.62		293	390
#	0	1	0	#	#	#	1	3	0.239	0.751	2	97.82	24986	12833	0.5		571	760
1	0	#	#	0	#	0	1	3	0.238	0.751	4	113.53	24986	12841	0.62		286	381
#	#	1	1	1	1	1	#	3	0.186	0.714	3	78.18	24909	12877	0.62		235	329
0	0	#	1	#	1	0	#	1	0.239	0.751	1	73.44	24966	12881	0.62		284	378
1	0	#	0	#	#	0	1	3	0.238	0.751	1	119.67	24986	12910	0.62		283	377
#	0	0	1	1	#	1	1	1	1	1	8	94.34	24974	12942	0.75		188	188
#	#	0	#	1	0	0	1	0	0.237	0.75	2	60.86	24989	12957	0.62		282	376
#	0	0	1	#	0	#	#	0	0.236	0.749	2	70.91	24990	12983	0.5		562	750
#	1	1	1	1	0	0	#	2	1	1	2	103.65	24875	13067	0.75		187	187
#	0	#	0	1	1	1	#	3	0.241	0.752	3	86.33	24997	13150	0.62		279	371
1	0	#	0	#	#	1	0	2	0.237	0.75	2	92.8	24930	13273	0.62		273	364
#	1	#	0	0	#	1	0	0	0.238	0.751	1	85.36	24957	13291	0.62		274	365
#	0	#	1	1	1	0	0	0	0.231	0.746	3	55.12	24903	13383	0.75		135	181
#	#	0	#	0	0	1	#	0	0.236	0.749	2	63.2	24963	13518	0.5		537	717
1	#	#	#	0	1	1	0	2	0.237	0.75	2	53.85	24979	13541	0.62		267	356
#	1	#	0	0	0	0	1	1	0.233	0.747	2	55.52	24945	13549	0.75		133	178
1	0	#	#	#	#	1	0	2	0.056	0.563	1	81.91	24984	13625	0.5		399	709
#	#	0	0	1	#	0	#	0	0.057	0.563	1	80.85	24953	13640	0.5		400	710
1	#	1	#	1	0	#	#	2	0.24	0.752	2	106.82	24956	13659	0.5		533	709
#	#	0	1	1	1	#	1	1	0.238	0.751	2	96.78	24929	13885	0.62		259	345
0	0	#	1	0	#	#	1	1	0.24	0.751	1	93.74	24863	13995	0.62		257	342
#	#	1	0	#	0	#	0	2	0.237	0.75	3	96.96	24925	13999	0.5		515	687
#	1	0	0	#	#	1	0	0	0.236	0.749	3	87.63	24995	14021	0.62		257	343
#	1	#	1	0	#	1	#	2	0.056	0.562	1	63.47	24979	14044	0.5		386	687
#	#	1	#	1	0	0	#	2	0.237	0.75	4	93.35	24956	14139	0.5		510	680
1	1	0	1	1	#	#	1	3	0.237	0.75	1	56.36	24981	14229	0.75		126	168
#	1	1	1	0	#	0	#	3	0.237	0.75	2	73.26	24993	14241	0.62		252	336
0	#	0	#	0	#	#	0	0	0.264	0.766	3	92.75	24992	14330	0.5		540	705
1	#	#	0	1	0	0	#	2	0.236	0.749	2	94.31	24925	14376	0.62		251	335
0	1	#	#	1	#	1	1	1	0.234	0.748	2	67.82	24927	14443	0.62		246	329
#	1	0	0	0	0	#	#	0	0.239	0.751	3	74.35	24957	14461	0.62		247	329
0	#	#	1	0	#	1	0	0	0.237	0.75	2	82.29	24992	14496	0.62		246	328
0	1	#	#	0	0	0	1	1	0.235	0.748	1	56.96	24945	14528	0.75		122	163
#	0	#	0	0	1	0	#	3	0.24	0.752	1	111.06	24986	14536	0.62		245	326
1	#	#	#	1	0	0	1	2	0.235	0.748	2	57.96	24975	14632	0.62		244	326
#	#	0	#	1	#	0	0	0	0.238	0.75	2	79.54	24953	14664	0.5		484	645
#	1	1	#	#	1	#	1	3	0.211	0.733	2	79.58	24994	14678	0.5		441	602
0	0	#	1	1	0	0	#	0	1	1	2	91.89	24949	14709	0.75		161	161
#	0	0	1	1	0	#	#	0	0.239	0.751	3	77.57	24989	14749	0.62		241	321
1	1	1	#	1	#	1	#	3	0.185	0.713	2	91.33	24909	14769	0.62		199	279
0	#	#	1	#	1	#	#	1	0.057	0.564	1	69.92	24966	14867	0.38		713	1265
0	#	0	0	1	#	#	1	1	0.236	0.749	1	92.91	24927	14899	0.62		236	315
1	1	#	1	#	0	#	#	2	0.237	0.75	2	77.67	24975	14924	0.5		473	631
#	0	#	1	1	0	0	#	0	0.239	0.751	3	82.47	24989	14957	0.62		238	317
1	#	1	#	0	#	#	0	2	0.237	0.75	2	100.57	24984	15000	0.5		468	624
0	0	#	1	#	#	1	0	0	0.236	0.749	3	78.39	24992	15031	0.62		233	311
0	1	#	#	1	0	0	#	0	0.235	0.748	2	90.69	24953	15056	0.62		232	310
1	1	0	0	0	#	#	1	1	0.23	0.745	1	53.48	24867	15139	0.75		114	153
#	0	#	1	#	0	#	0	0	0.235	0.749	1	87.36	24990	15159	0.5		459	613
1	0	#	0	#	1	1	#	3	0.237	0.75	2	91.45	24962	15234	0.62		228	304
1	#	#	1	1	1	1	#	3	0.185	0.713	2	83.41	24909	15285	0.62		189	265
1	1	#	#	#	0	#	0	2	0.233	0.748	4	102.81	24912	15392	0.5		450	602
1	#	#	1	#	0	#	0	2	0.237	0.75	3	99.84	24984	15530	0.5		443	591
#	1	1	1	1	#	1	#	3	0.188	0.716	3	76.36	24977	15571	0.62		184	257
0	#	#	0	#	#	#	0	0	0.064	0.577	1	75.78	24995	15600	0.38		698	1210
1	#	#	0	1	0	1	1	3	0.232	0.747	1	50.85	24860	15644	0.75		109	146
#	0	#	0	1	0	0	#	2	0.237	0.75	1	102.16	24925	15656	0.62		219	292
1	1	#	#	1	1	1	0	3	0.232	0.747	1	68.59	24909	15664	0.75		109	146
1	#	1	#	0	#	#	1	3	0.236	0.749	1	93.62	24986	15676	0.5		436	582
0	#	0	0	#	#	0	0	0	0.288	0.78	2	104.69	24953	15688	0.62		255	327
0	#	#	0	0	#	0	1	1	0.233	0.747	2	81.53	24952	15736	0.62		216	289
1	#	#	#	0	0	#	#	2	0.056	0.562	1	66.02	24984	15768	0.38		649	1154
#	0	0	1	#	#	#	1	1	0.237	0.75	4	74.21	24976	15792	0.5		431	575
#	#	0	0	1	1	1	#	1	0.235	0.748	4	93.12	24983	15837	0.62		214	286
#	#	0	#	#	#	0	0	0	0.064	0.576	1	68.57	24990	16134	0.38		656	1138
1	#	1	0	#	0	#	#	2	0.24	0.752	1	87.25	24968	16160	0.5		415	552
1	0	#	0	1	#	#	1	3	0.237	0.75	2	95.77	24962	16258	0.62		204	272
#	#	1	1	1	0	1	1	3	0.237	0.75	2	53.01	24977	16273	0.75		102	136
1	#	1	1	0	#	#	0	2	0.239	0.751	1	101.28	24984	16275	0.62		205	273
#	#	0	#	0	#	1	0	0	0.236	0.749	1	72.79	24992	16284	0.5		409	546
1	1	#	1	1	1	#	#	3	0.184	0.713	2	85.51	24994	16309	0.62		169	237
#	1	1	1	1	#	0	#	2	0.236	0.749	3	100.37	24910	16377	0.62		203	271
0	0	1	1	#	#	0	1	1	0.234	0.748	2	54.14	24931	16415	0.75		101	135
#	#	1	0	0	#	0	1	3	0.237	0.75	1	101	24986	16417	0.62		201	268
1	0	#	0	0	#	#	0	2	0.234	0.748	2	87.76	24930	16441	0.62		199	266
#	0	0	1	1	#	#	1	1	0.23	0.745	2	80.05	24974	16481	0.62		199	267
1	0	0	1	#	#	#	1	1	0.236	0.749	1	62.06	24976	16481	0.62		200	267
#	#	0	#	#	0	0	#	0	0.064	0.577	1	74.46	24990	16485	0.38		634	1098
#	1	1	1	0	#	0	1	3	1	1	6	90.57	24892	16670	0.75		129	129
#	0	0	#	1	#	#	1	1	0.056	0.561	1	73.64	24974	16782	0.5		288	513
#	1	#	1	1	#	1	1	3	0.188	0.716	2	63.28	24981	16785	0.62		161	225
#	#	1	1	#	1	#	1	3	0.212	0.733	2	87.12	24994	16802	0.5		352	480
0	0	0	#	1	0	#	#	0	0.236	0.749	1	90.48	24941	16808	0.62		191	255
#	0	#	1	1	#	1	1	1	0.236	0.749	3	80.07	24974	16827	0.62		191	255
#	1	#	1	0	1	0	#	3	0.233	0.747	4	89.57	24993	16858	0.62		189	253
0	#	0	1	0	#	#	1	1	0.24	0.752	1	95.08	24934	16862	0.62		191	254
#	0	1	0	1	#	0	0	2	1	1	4	116.94	24925	16898	0.75		125	125
#	#	1	1	1	#	0	0	2	0.237	0.75	2	93.04	24956	16974	0.62		189	252
0	#	#	1	1	0	0	1	0	0.24	0.752	1	56.99	24941	17005	0.75		94	125
1	0	0	0	#	#	#	0	2	0.231	0.746	1	56.42	24985	17198	0.62		182	244
0	#	#	0	0	0	#	#	0	0.07	0.588	1	63.38	24982	17271	0.5		303	515
1	#	1	#	1	#	0	#	2	0.237	0.75	3	92.53	24956	17276	0.5		363	484
#	0	0	#	1	0	0	#	0	0.239	0.751	2	81.87	24989	17309	0.62		181	241
#	0	0	1	0	1	#	#	1	0.232	0.747	2	81.1	24991	17311	0.62		180	241
#	0	0	1	#	1	#	#	1	0.236	0.749	1	75.27	24991	17328	0.5		359	479
1	#	#	0	0	#	0	1	3	0.236	0.749	3	108.02	24986	17337	0.62		179	239
0	#	#	1	1	#	1	1	1	0.236	0.749	1	71.69	24897	17339	0.62		179	239
1	0	#	#	0	1	0	#	3	0.241	0.752	4	100.13	24986	17352	0.62		179	238
1	1	#	1	#	#	#	1	3	0.208	0.73	2	68.22	24994	17409	0.5		325	445
#	#	0	#	1	1	1	#	1	0.236	0.749	3	89.73	24983	17415	0.5		353	471
1	#	#	#	1	1	1	#	3	0.211	0.732	2	87.68	24962	17456	0.5		323	441
1	0	#	0	#	1	0	#	3	0.236	0.749	1	106.61	24986	17518	0.62		176	235
1	#	#	#	1	0	#	0	2	0.233	0.747	1	104.83	24956	17532	0.5		349	467
#	1	0	0	#	#	#	1	1	0.236	0.749	3	70.17	24946	17609	0.5		346	462
0	1	#	0	0	#	#	0	0	0.241	0.752	2	74.99	24982	17643	0.62		173	230
#	1	#	0	#	#	#	1	1	0.056	0.562	1	52.12	24946	17674	0.38		514	915
0	0	#	1	0	#	0	1	1	1	1	5	98.17	24863	17695	0.75		113	113
#	#	0	0	1	0	0	#	0	0.243	0.753	2	94.5	24953	17734	0.62		171	227
0	0	0	1	#	1	0	#	1	0.237	0.75	1	120.89	24913	17745	0.75		84	112
1	0	0	1	#	#	1	1	1	0.241	0.752	2	61.55	24976	17806	0.75		85	113
0	0	1	0	#	1	1	#	3	0.237	0.75	1	56.57	24997	17829	0.75		84	112
#	0	1	#	1	0	0	#	2	0.236	0.749	3	98.21	24956	17874	0.62		167	223
#	#	1	0	1	#	0	0	2	0.236	0.749	1	96.13	24925	17905	0.62		167	223
0	#	#	#	#	1	#	#	1	0.056	0.561	1	64.51	24983	17923	0.25		993	1769
#	#	0	#	1	#	#	1	1	0.056	0.562	1	58.83	24974	17924	0.38		500	889
1	1	#	#	1	0	0	1	2	0.234	0.748	1	56.4	24975	17931	0.75		83	111
#	#	1	1	1	1	1	0	3	0.23	0.745	1	68.22	24909	17957	0.75		82	110
1	0	0	0	0	0	#	#	2	0.241	0.752	1	67.88	24958	17977	0.75		82	109
#	0	0	#	0	1	0	#	1	0.237	0.75	2	86.66	24991	18079	0.62		162	216
0	0	#	1	1	1	#	#	1	0.235	0.749	2	78.17	24931	18107	0.62		161	215
#	0	0	1	1	#	1	#	1	0.234	0.748	2	77.69	24974	18164	0.62		160	214
#	0	#	1	0	1	1	0	0	0.245	0.755	2	67.75	24992	18174	0.75		80	106
0	#	0	#	1	0	#	#	0	0.239	0.751	2	96.72	24995	18285	0.5		314	418
0	1	#	0	1	0	#	#	0	0.239	0.751	1	90.07	24995	18297	0.62		157	209
0	0	1	0	0	#	#	1	3	0.241	0.752	2	61.85	24954	18298	0.75		79	105
1	1	#	1	#	1	1	#	3	0.184	0.713	2	68.68	24909	18357	0.62		129	181
0	0	1	0	1	#	0	#	2	0.226	0.743	1	61.23	24817	18432	0.75		75	101
#	0	0	1	1	#	0	0	0	1	1	2	88.39	24838	18453	0.75		101	101
#	#	1	1	0	0	1	#	2	0.245	0.755	2	85.49	24984	18495	0.62		154	204
0	#	#	#	0	0	1	1	0	0.243	0.754	2	48.37	24924	18524	0.62		153	203
1	#	1	1	0	1	#	#	3	0.231	0.746	1	90.91	24947	18567	0.62		150	201
1	#	#	0	#	#	0	0	2	0.056	0.562	1	74.26	24985	18585	0.5		225	400
#	1	1	1	0	#	#	0	2	0.235	0.749	3	82.46	24979	18602	0.62		149	199
0	1	#	0	0	#	#	1	1	0.231	0.746	2	82.4	24946	18641	0.62		147	197
1	#	1	#	1	#	1	#	3	0.209	0.731	3	105.61	24909	18683	0.5		269	368
#	0	1	#	0	#	1	0	2	0.241	0.753	3	94.8	24984	18696	0.62		146	194
#	0	0	1	#	#	#	0	0	0.234	0.748	2	71.18	24992	18702	0.5		294	393
#	0	#	1	0	#	#	0	0	0.056	0.562	1	70.91	24992	18848	0.5		216	384
0	0	#	#	0	#	1	0	0	0.237	0.75	3	86.45	24992	18848	0.62		144	192
0	1	#	0	#	0	#	#	0	0.237	0.75	2	78.93	24995	18851	0.5		288	384
#	0	#	0	1	0	1	1	3	0.233	0.747	1	50.83	24795	18907	0.75		71	95
0	#	#	#	1	1	0	0	0	0.246	0.755	2	66.36	24904	18950	0.62		142	188
#	#	1	#	#	0	#	0	2	0.237	0.75	2	103.92	24984	18976	0.38		563	751
0	0	#	#	1	1	0	0	0	0.242	0.753	1	67.54	24903	19015	0.75		70	93
0	#	0	#	#	1	0	#	1	0.234	0.748	3	102.21	24934	19046	0.5		276	369
#	1	0	0	0	#	1	#	0	0.239	0.751	3	78.76	24957	19069	0.62		139	185
0	0	#	#	0	1	0	#	1	0.237	0.75	2	75.56	24966	19078	0.62		138	184
#	0	0	1	0	#	0	#	1	0.237	0.75	4	83.55	24991	19103	0.62		138	184
#	1	1	1	#	1	0	#	3	0.239	0.751	2	86.13	24994	19105	0.62		139	185
1	#	1	0	0	#	1	#	2	0.246	0.756	2	100.24	24968	19140	0.62		136	180
1	#	1	#	0	1	#	#	3	0.237	0.75	3	113.9	24986	19144	0.5		273	364
0	0	1	1	#	#	1	0	0	0.233	0.747	1	56.19	24887	19159	0.75		68	91
#	1	1	#	0	1	#	#	3	0.057	0.564	1	66.12	24993	19162	0.5		204	362
1	1	0	1	#	#	#	1	3	0.233	0.747	2	49.32	24981	19177	0.62		136	182
0	#	0	#	0	0	#	#	0	0.265	0.767	2	80.32	24963	19222	0.5		293	382
#	0	1	0	0	1	#	#	3	0.237	0.75	4	101.03	24986	19233	0.62		135	180
#	#	1	0	1	1	1	#	3	0.242	0.753	4	84.53	24997	19266	0.62		134	178
#	1	0	0	1	#	0	#	0	0.237	0.75	1	101.4	24953	19270	0.62		135	180
#	#	1	#	0	1	#	1	3	0.241	0.752	1	106.58	24986	19286	0.5		267	355
0	#	0	0	#	1	#	#	1	0.237	0.75	2	102.49	24983	19351	0.5		264	352
#	0	#	1	0	#	1	0	0	0.24	0.751	3	85.42	24992	19356	0.62		133	177
#	0	0	1	0	#	1	#	0	0.235	0.749	2	77.12	24992	19383	0.62		131	175
#	#	0	#	#	1	1	1	1	0.235	0.749	2	92.29	24976	19401	0.5		262	350
#	#	1	1	#	#	0	0	2	0.057	0.563	1	68.13	24956	19449	0.5		196	348
0	1	#	0	1	#	#	1	1	0.249	0.757	2	76.95	24927	19466	0.62		131	173
#	1	1	1	#	1	#	#	3	0.215	0.735	3	81.44	24994	19471	0.5		239	325
0	#	0	#	#	#	#	0	0	0.251	0.759	4	97.16	24995	19478	0.38		534	704
1	0	#	#	0	0	0	1	3	0.228	0.744	1	56.92	24873	19497	0.75		64	86
1	#	1	#	0	0	#	#	2	0.238	0.751	1	83.87	24984	19608	0.5		253	337
#	0	0	1	#	0	0	#	0	0.242	0.753	1	80.64	24990	19613	0.62		128	170
1	0	0	1	0	1	#	#	1	0.237	0.75	1	62.47	24991	19615	0.75		63	84
#	1	#	1	0	1	#	1	3	0.233	0.747	3	95.37	24918	19681	0.62		124	166
0	1	0	0	#	1	#	#	1	0.233	0.747	1	118.41	24983	19684	0.62		124	166
0	0	0	#	#	1	#	#	1	0.233	0.747	1	97.92	24913	19715	0.5		245	328
0	#	0	0	#	1	0	#	1	0.225	0.742	1	96.17	24921	19715	0.62		121	163
0	1	#	#	1	1	1	0	1	0.228	0.744	1	67.59	24983	19721	0.75		61	82
#	#	1	1	1	0	0	#	2	0.235	0.749	2	91.52	24956	19723	0.62		125	167
1	1	1	#	#	#	0	1	3	0.237	0.75	1	82.89	24994	19772	0.62		123	164
#	#	1	0	0	#	1	0	2	0.23	0.745	3	87.86	24930	19810	0.62		120	161
0	0	#	1	#	0	0	#	0	0.242	0.753	1	78.7	24949	19821	0.62		122	162
1	#	1	#	#	1	#	#	3	0.226	0.743	4	106.96	24994	19889	0.38		459	618
1	0	1	#	1	1	#	#	3	0.232	0.747	1	90.92	24928	19938	0.62		118	158
0	0	#	#	0	0	1	#	0	0.24	0.752	1	82.32	24854	19990	0.62		115	153
0	#	#	1	1	1	1	#	1	0.232	0.747	2	77.97	24857	19993	0.62		115	154
0	0	0	#	1	#	1	#	1	0.24	0.752	2	92.56	24897	20019	0.62		115	153
#	0	0	1	#	#	0	1	1	0.222	0.74	1	86.77	24907	20043	0.62		114	154
#	1	1	1	1	1	#	#	3	0.182	0.711	1	87.63	24994	20045	0.62		96	135
#	1	1	#	1	#	0	0	2	0.237	0.75	1	92.37	24910	20046	0.62		117	156
1	#	#	0	1	0	0	0	2	0.227	0.744	2	121.96	24925	20058	0.75		58	78
#	1	1	#	1	#	1	1	3	0.186	0.714	2	59.08	24977	20113	0.62		95	133
#	1	#	1	#	0	#	0	2	0.236	0.749	1	107.98	24912	20138	0.5		227	303
0	0	0	0	0	#	#	1	1	0.232	0.747	1	73.92	24952	20157	0.75		56	75
0	1	#	#	#	1	#	1	1	0.236	0.749	4	97.07	24946	20171	0.5		227	303
1	0	#	0	#	#	1	1	3	0.232	0.747	2	88.65	24962	20187	0.62		112	150
#	#	0	1	1	1	1	#	1	0.24	0.752	2	88.37	24929	20248	0.62		109	145
#	0	1	#	#	1	#	1	3	0.243	0.753	2	102.75	24986	20328	0.5		220	292
0	0	0	1	#	0	0	#	0	0.237	0.75	1	117.52	24941	20333	0.75		54	72
1	0	1	#	#	1	0	#	3	0.24	0.752	1	111.07	24986	20359	0.62		109	145
#	1	1	1	#	#	1	1	3	0.186	0.714	1	59.84	24977	20369	0.62		90	126
0	#	#	#	0	#	1	0	0	0.237	0.75	2	83.98	24992	20384	0.5		216	288
1	#	#	1	0	0	#	0	2	0.234	0.748	1	97.97	24984	20477	0.62		104	139
1	1	#	#	1	0	0	#	2	0.232	0.746	1	81.1	24975	20491	0.62		106	142
#	1	1	#	#	1	0	1	3	0.237	0.75	1	85.6	24994	20498	0.62		105	140
1	#	1	#	1	#	#	1	3	0.209	0.731	1	90.83	24994	20508	0.5		193	264
0	0	1	0	#	#	0	1	3	0.249	0.757	1	60.94	24954	20513	0.75		53	70
1	0	#	0	1	0	#	#	2	0.24	0.752	2	106.83	24925	20520	0.62		106	141
0	#	#	#	#	1	#	1	1	0.232	0.746	4	80.47	24946	20529	0.38		415	556
1	0	#	0	0	#	1	#	2	0.234	0.748	2	86.65	24958	20537	0.62		104	139
#	#	1	1	0	#	0	1	3	0.243	0.754	2	79.14	24947	20540	0.62		104	138
0	0	#	#	1	#	1	1	1	0.229	0.745	2	80.37	24897	20545	0.62		102	137
#	#	0	1	1	#	1	1	1	0.229	0.745	2	72.01	24974	20622	0.62		102	137
1	0	1	0	0	#	0	#	3	0.237	0.75	1	140.04	24986	20634	0.75		51	68
#	0	1	0	#	#	#	0	2	0.236	0.749	2	90.79	24930	20655	0.5		203	271
0	#	#	0	0	#	1	0	0	0.243	0.754	2	85.88	24919	20715	0.62		101	134
#	0	1	0	#	#	0	0	2	0.231	0.746	3	103.31	24925	20738	0.62		97	130
#	#	0	#	#	1	#	1	1	0.239	0.751	4	93.95	24976	20739	0.38		401	534
1	#	#	1	1	0	0	#	2	0.231	0.746	2	83.46	24975	20747	0.62		100	134
1	#	#	0	#	0	1	0	2	0.229	0.744	1	102.72	24889	20768	0.62		99	133
0	1	#	#	0	0	1	#	0	0.234	0.748	1	70.58	24963	20792	0.62		101	135
#	#	1	0	#	1	0	1	3	0.234	0.748	1	105.98	24986	20832	0.62		98	131
1	0	#	#	#	#	#	1	3	0.056	0.561	1	83.05	24986	20832	0.38		294	524
#	#	0	#	0	1	0	#	1	0.23	0.745	3	85.72	24991	20838	0.5		193	259
0	1	0	#	0	#	0	#	1	0.237	0.75	1	95.31	24934	20838	0.62		96	128
#	0	#	0	#	0	#	0	2	0.175	0.706	1	114.51	24925	20864	0.5		192	272
#	#	1	0	0	1	0	1	3	0.237	0.75	1	134.22	24986	20890	0.75		48	64
1	#	1	0	#	#	1	0	2	0.234	0.748	1	107.22	24930	20910	0.62		95	127
1	#	#	#	1	1	1	0	3	0.234	0.748	3	62.73	24926	20917	0.62		95	127
0	#	0	1	#	#	0	1	1	0.234	0.748	1	105.28	24934	20958	0.62		95	127
0	1	#	#	#	0	#	0	0	0.239	0.751	2	89.29	24995	20976	0.5		190	253
1	0	1	#	1	0	#	#	2	0.247	0.756	1	113.56	24956	21083	0.62		93	123
0	#	#	0	1	#	1	1	1	0.231	0.746	2	74.75	24927	21087	0.62		91	122
#	0	1	0	#	#	1	1	3	0.241	0.752	2	87.65	24936	21096	0.62		91	121
0	#	0	0	#	#	0	1	1	0.237	0.75	1	96.12	24952	21112	0.62		90	120
#	1	#	0	1	1	1	#	1	0.237	0.75	2	87.32	24983	21143	0.62		90	120
0	#	0	0	0	#	#	1	1	0.231	0.746	1	87.8	24952	21184	0.62		88	118
0	1	0	#	1	0	#	#	0	0.231	0.746	2	94.71	24995	21231	0.62		88	118
0	0	1	0	#	0	#	#	2	0.227	0.743	1	63.2	24817	21233	0.62		84	113
1	#	#	1	1	#	1	1	3	0.175	0.706	1	68.53	24981	21249	0.62		72	102
1	#	#	#	#	#	#	0	2	0.056	0.562	1	59.47	24985	21280	0.25		524	932
#	1	0	0	#	1	#	#	1	0.239	0.751	2	99.14	24983	21283	0.5		172	229
#	0	#	0	0	#	0	1	3	0.237	0.75	4	111.2	24986	21289	0.62		87	116
#	1	1	1	0	#	#	1	3	0.23	0.746	3	69.23	24918	21308	0.62		85	114
0	#	#	0	1	1	0	0	0	0.244	0.754	2	64.88	24904	21330	0.75		43	57
1	0	1	0	1	0	#	#	2	0.251	0.759	1	129.77	24925	21339	0.75		44	58
1	#	#	#	1	0	0	#	2	0.229	0.745	2	80.93	24975	21339	0.5		172	231
#	1	0	#	0	1	#	1	1	0.241	0.752	1	103.47	24946	21350	0.62		85	113
#	0	1	#	1	#	1	1	3	0.237	0.75	2	94.66	24936	21352	0.62		84	112
0	#	0	#	#	#	0	1	1	0.237	0.75	2	98.08	24952	21368	0.5		168	224
0	0	1	0	#	#	#	1	3	0.241	0.752	1	59.23	24954	21370	0.62		85	113
#	1	#	0	#	0	0	0	0	0.237	0.75	1	92.62	24982	21398	0.62		84	112
1	#	#	0	0	0	#	0	2	0.234	0.748	2	99.59	24889	21430	0.62		83	111
0	0	#	#	0	0	1	0	0	0.23	0.745	1	116.76	24854	21431	0.75		41	55
1	#	#	1	0	#	0	1	3	0.245	0.755	2	81.84	24947	21438	0.62		83	110
#	0	1	0	#	1	0	#	3	0.234	0.748	1	108.8	24986	21448	0.62		83	111
#	#	0	0	1	#	1	1	1	0.234	0.748	3	79.51	24927	21469	0.62		83	111
#	#	1	#	0	#	0	1	3	0.237	0.75	2	97.08	24986	21473	0.5		165	220
0	#	0	#	1	#	#	0	0	0.236	0.749	3	98.56	24995	21475	0.5		164	219
#	0	1	0	1	#	#	0	2	0.234	0.748	1	95.66	24925	21506	0.62		80	107
#	#	0	0	1	1	#	1	1	0.227	0.743	2	101.09	24921	21511	0.62		81	109
#	#	1	1	1	1	1	1	3	0.116	0.65	1	92.51	24847	21519	0.75		26	40
#	1	1	#	#	#	#	0	2	0.056	0.561	1	72.45	24979	21567	0.38		242	431
0	0	#	#	1	0	1	1	1	0.237	0.75	1	55.71	24897	21569	0.75		39	52
0	1	#	#	1	1	0	0	0	0.237	0.75	2	63.46	24904	21586	0.75		39	52
#	1	#	0	1	#	1	1	1	0.245	0.755	1	67.64	24927	21599	0.62		80	106
0	0	0	#	#	0	0	#	0	0.28	0.775	5	93.93	24951	21605	0.62		93	120
1	#	#	0	#	1	#	1	3	0.239	0.751	1	121.53	24986	21634	0.5		157	209
#	0	0	1	#	1	0	#	1	0.237	0.75	2	83.16	24991	21663	0.62		78	104
#	0	#	1	0	0	1	#	0	0.233	0.748	2	81.13	24849	21673	0.62		77	103
1	#	#	1	0	1	#	#	3	0.057	0.563	1	59.76	24947	21692	0.5		116	206
0	0	1	0	1	0	#	#	2	0.222	0.74	1	64.31	24817	21714	0.75		37	50
0	0	#	1	0	#	0	#	1	0.258	0.762	3	78.63	24966	21726	0.62		77	101
1	1	#	1	#	#	1	0	2	0.245	0.755	2	81.98	24979	21736	0.62		77	102
#	0	#	1	#	#	1	0	0	0.058	0.565	1	72.85	24992	21758	0.5		113	200
#	0	#	0	1	#	0	0	2	0.237	0.75	3	88.46	24985	21762	0.62		75	100
#	#	0	#	#	1	1	#	1	0.056	0.562	1	68.71	24983	21784	0.38		223	397
#	#	0	#	0	#	#	0	0	0.064	0.577	1	61.57	24992	21812	0.38		236	409
#	1	0	0	0	#	#	0	0	0.245	0.755	2	91.56	24957	21816	0.62		74	98
0	#	#	1	1	#	0	0	0	0.241	0.753	2	83.06	24949	21831	0.62		73	97
0	1	#	0	1	#	0	0	0	1	1	3	107.34	24953	21842	0.75		49	49
#	#	1	#	#	#	0	0	2	0.055	0.56	1	63.19	24956	21850	0.38		220	393
0	#	#	0	1	#	0	0	0	0.241	0.753	1	93.96	24953	21881	0.62		73	97
0	#	#	0	1	1	1	#	1	0.225	0.742	3	89	24983	21911	0.62		72	97
0	#	#	1	1	1	0	0	0	0.229	0.745	1	66.79	24903	22006	0.75		35	47
1	#	#	#	1	1	0	0	2	0.246	0.755	1	52.34	24985	22018	0.62		71	94
#	#	0	0	#	1	1	1	1	0.225	0.742	2	104.99	24946	22023	0.62		69	93
0	0	#	#	#	1	#	1	1	0.221	0.739	1	80.1	24931	22041	0.5		136	184
#	0	1	0	0	#	#	1	3	0.251	0.758	2	100.07	24986	22049	0.62		69	91
0	0	#	#	#	0	#	0	0	0.266	0.767	2	90.35	24951	22071	0.5		145	189
#	1	0	0	1	0	#	#	0	0.225	0.742	1	88.82	24995	22086	0.62		69	93
1	1	0	0	#	0	1	#	0	0.246	0.756	1	49.08	24957	22141	0.75		34	45
#	#	1	1	1	#	1	1	3	0.186	0.714	3	67.72	24977	22161	0.62		55	77
1	#	1	#	#	#	0	1	3	0.242	0.753	1	104.42	24994	22162	0.5		134	178
0	#	#	#	0	#	#	0	0	0.063	0.575	1	64.13	24992	22166	0.38		210	365
1	#	#	0	1	1	0	0	2	0.237	0.75	3	52.66	24985	22169	0.75		33	44
1	0	#	0	1	#	0	0	2	1	1	4	99.14	24985	22169	0.75		44	44
0	0	#	#	1	1	#	1	1	0.233	0.747	1	84.49	24931	22203	0.62		65	87
#	#	1	#	#	#	0	1	3	0.057	0.564	1	93.69	24994	22241	0.38		195	346
#	0	1	0	1	#	0	#	2	0.228	0.744	2	96.55	24925	22257	0.62		64	86
#	1	#	1	1	#	0	0	2	0.257	0.762	3	98.78	24910	22265	0.62		64	84
1	#	#	1	0	0	1	#	2	0.242	0.753	1	84.94	24984	22277	0.62		64	85
#	#	0	1	1	1	1	0	1	0.237	0.75	1	56.07	24856	22296	0.75		30	40
0	#	#	1	#	#	1	1	1	0.055	0.56	1	57.3	24897	22297	0.5		94	168
0	#	#	1	0	0	0	1	1	0.237	0.75	1	54.23	24863	22303	0.75		30	40
1	1	#	#	0	#	0	1	3	0.247	0.756	1	73.92	24978	22332	0.62		62	82
#	#	1	0	#	1	1	1	3	0.247	0.756	1	89.59	24936	22338	0.62		62	82
#	1	#	1	1	0	#	0	2	0.247	0.756	1	103.19	24908	22348	0.62		62	82
1	#	1	1	#	0	1	#	2	0.252	0.759	2	97.51	24984	22352	0.62		63	83
#	0	#	0	1	#	1	1	3	0.242	0.753	2	90.13	24962	22376	0.62		61	81
1	#	#	1	1	0	#	0	2	0.223	0.741	1	100.99	24956	22396	0.62		60	81
0	0	0	0	#	#	0	0	0	0.328	0.8	1	85.81	24951	22412	0.75		40	50
1	0	#	#	1	1	0	0	2	0.237	0.75	2	48.87	24985	22425	0.75		30	40
#	1	#	0	0	#	0	1	1	0.232	0.747	3	75	24945	22464	0.62		59	79
#	#	0	#	0	1	#	1	1	0.237	0.75	1	95.54	24976	22473	0.5		117	156
1	#	1	#	#	0	1	#	2	0.245	0.755	3	94.22	24984	22533	0.5		117	155
#	1	0	0	1	#	1	1	1	1	1	3	86.01	24927	22535	0.75		39	39
0	1	1	1	1	#	1	#	3	0.259	0.763	3	53.94	24977	22543	0.75		29	38
0	#	#	1	0	#	0	1	1	0.248	0.757	1	92.81	24934	22559	0.62		56	74
#	#	1	#	1	0	#	0	2	0.24	0.752	1	115.41	24956	22560	0.5		115	153
0	0	1	0	0	#	0	#	3	0.259	0.763	1	61.88	24954	22561	0.75		29	38
1	0	0	0	0	#	1	0	1	0	0	1	75.36	22585	22585	0.88		0	18
#	#	1	#	1	0	#	#	2	0.057	0.564	1	78.89	24956	22618	0.38		168	298
0	#	0	#	0	#	#	1	1	0.227	0.743	3	85.37	24952	22630	0.5		110	148
#	0	0	1	1	#	0	#	0	0.248	0.757	1	81.69	24989	22637	0.62		56	74
#	#	1	#	0	#	1	0	2	0.24	0.752	3	94.93	24984	22675	0.5		109	145
1	1	#	1	1	#	#	1	3	0.192	0.719	3	75.02	24994	22677	0.62		46	64
#	0	1	#	#	1	0	1	3	0.237	0.75	1	113.93	24986	22682	0.62		54	72
#	0	0	1	0	#	#	0	0	0.237	0.75	3	78.29	24992	22688	0.62		54	72
0	0	0	#	0	#	1	#	0	0.237	0.75	2	88.91	24992	22688	0.62		54	72
1	1	0	1	0	#	0	1	2	0	0	1	67.76	22718	22718	0.88		0	17
1	#	#	0	0	1	#	1	3	0.226	0.743	1	119.39	24986	22721	0.62		52	70
0	1	0	#	#	1	0	#	1	0.226	0.743	1	103.52	24934	22756	0.62		52	70
1	1	#	1	#	0	0	#	2	0.221	0.739	2	82.3	24975	22773	0.62		51	69
0	1	#	0	#	0	0	#	0	0.231	0.746	2	88.78	24982	22780	0.62		50	67
#	#	1	#	1	#	0	0	2	0.234	0.748	4	91.83	24956	22786	0.5		104	139
#	0	0	1	#	#	0	0	0	0.221	0.739	1	75.76	24990	22790	0.62		51	69
#	0	1	0	#	#	1	0	2	0.231	0.746	1	85.74	24930	22792	0.62		50	67
0	0	#	1	1	#	#	1	1	0.221	0.739	1	78.81	24931	22809	0.62		51	69
0	0	1	1	0	#	0	#	1	0.262	0.765	2	50.91	24966	22815	0.75		26	34
#	0	1	0	0	#	0	1	3	1	1	8	122.24	24986	22817	0.75		34	34
0	1	0	#	#	0	0	#	0	0.25	0.758	1	105.11	24953	22826	0.62		50	66
1	0	#	#	1	#	0	0	2	0.243	0.754	1	81.44	24985	22830	0.62		52	69
#	0	#	0	0	#	1	0	2	0.243	0.754	3	91.86	24930	22841	0.62		49	65
1	#	#	0	0	1	0	#	3	0.25	0.758	1	109.63	24986	22894	0.62		50	66
0	0	#	1	1	0	#	#	0	0.237	0.75	1	77.85	24949	22907	0.62		48	64
1	0	0	0	0	0	#	1	2	0.031	0.5	1	53.97	24958	22910	0.88		8	16
#	0	0	1	#	#	1	1	1	0.237	0.75	1	78.01	24976	22928	0.62		48	64
#	1	1	#	#	0	#	0	2	0.234	0.748	2	95.58	24912	22954	0.5		95	127
1	1	#	1	0	1	#	#	3	0.225	0.742	2	76.86	24871	22974	0.62		46	62
1	#	#	0	0	1	0	0	3	0.225	0.742	1	58.19	24973	22984	0.75		23	31
#	#	0	#	#	1	#	#	1	0.057	0.564	1	60.43	24991	22985	0.25		283	502
0	1	#	0	#	1	#	#	1	0.234	0.748	3	90.17	24983	22987	0.5		95	127
#	0	1	0	0	#	1	#	2	0.237	0.75	1	84.63	24930	23014	0.62		45	60
1	#	#	#	0	0	#	0	2	0.228	0.744	3	98.62	24984	23015	0.5		90	121
1	1	#	#	1	1	1	1	3	0.104	0.636	1	91.45	24833	23041	0.75		14	22
1	#	1	0	1	#	#	0	2	0.25	0.758	1	103.72	24925	23042	0.62		47	62
#	0	1	#	1	#	0	0	2	0.218	0.738	2	93.5	24956	23042	0.62		45	61
#	0	1	0	0	#	0	#	3	0.258	0.763	6	108.84	24986	23073	0.62		45	59
#	1	1	1	#	0	0	1	2	0.026	0.483	1	59	24875	23083	0.75		14	29
0	1	#	#	#	0	0	#	0	0.058	0.565	1	74.13	24982	23092	0.5		65	115
1	0	0	1	#	0	#	#	0	0.218	0.738	1	61.01	24990	23094	0.62		45	61
1	0	0	0	0	#	1	#	2	0.212	0.733	1	66.68	24958	23097	0.75		22	30
#	#	1	#	0	0	#	0	2	0.227	0.744	1	98.02	24984	23103	0.5		87	117
1	#	1	#	#	1	0	#	3	0.227	0.744	3	105.8	24994	23155	0.5		87	117
0	#	#	1	0	1	0	#	1	0.217	0.737	2	79.05	24966	23174	0.62		42	57
#	#	0	1	#	0	0	0	0	0.244	0.754	1	83.76	24990	23198	0.62		43	57
#	1	#	1	#	1	0	#	3	0.056	0.562	1	82.7	24994	23202	0.5		63	112
0	#	#	1	#	0	1	#	0	0.054	0.559	1	60.47	24963	23209	0.5		62	111
#	0	1	0	0	0	0	#	2	0.026	0.481	1	79.34	24751	23215	0.75		13	27
0	#	0	#	#	#	#	1	1	0.234	0.748	3	78.51	24952	23229	0.38		166	222
0	0	1	0	#	0	0	#	2	0.208	0.731	1	67.07	24817	23250	0.75		19	26
1	1	#	#	1	#	1	1	3	0.171	0.702	2	60.96	24981	23251	0.62		33	47
#	1	1	#	1	1	0	0	2	0.223	0.741	1	58.29	24910	23289	0.75		20	27
1	#	#	1	0	#	#	0	2	0.054	0.558	1	63.33	24984	23293	0.5		58	104
#	1	1	1	#	#	0	1	3	0.245	0.755	1	80.7	24994	23314	0.62		40	53
1	#	1	0	#	#	#	0	2	0.237	0.75	1	102.71	24930	23328	0.5		78	104
#	#	1	#	1	0	1	1	3	0.222	0.74	1	47.96	24977	23341	0.62		37	50
#	0	#	1	#	1	0	1	1	0.201	0.725	2	91.29	24931	23357	0.62		37	51
#	0	#	0	1	1	#	1	3	0.269	0.769	1	95.21	24962	23362	0.62		40	52
1	#	#	1	1	#	0	0	2	0.237	0.75	1	88.28	24956	23374	0.62		39	52
1	#	#	0	0	1	0	1	3	0.254	0.76	1	140.18	24986	23406	0.75		19	25
0	#	#	#	1	0	0	#	0	0.241	0.753	2	88.53	24953	23417	0.5		73	97
#	0	1	0	0	0	0	1	0	0	0	1	69.04	23418	23418	0.88		0	12
0	#	0	#	0	#	1	#	0	0.245	0.755	1	86.91	24992	23427	0.5		74	98
1	1	1	#	#	0	1	#	2	0.237	0.75	1	98.14	24968	23432	0.62		36	48
0	1	#	0	1	#	1	#	1	0.214	0.735	1	85.26	24983	23447	0.62		36	49
1	0	0	1	0	1	0	1	3	0	0	1	106.2	23472	23472	1		0	5
#	#	1	#	#	1	1	1	3	0.22	0.739	1	86.53	24936	23473	0.5		65	88
#	#	0	#	#	#	#	1	1	0.054	0.558	1	53	24976	23497	0.25		211	378
1	#	1	#	#	1	1	#	3	0.202	0.726	1	97.68	24909	23509	0.5		61	84
#	0	1	#	0	0	1	0	2	0.203	0.727	1	127.68	24984	23510	0.75		16	22
#	0	1	0	#	0	1	#	2	0.212	0.733	2	89.43	24855	23510	0.62		33	45
#	0	#	1	#	0	1	0	0	0.237	0.75	1	90.83	24887	23511	0.62		33	44
0	1	#	1	1	#	0	0	0	0.019	0.455	1	77.44	24822	23542	0.75		10	22
#	#	1	#	#	0	#	#	2	0.057	0.564	1	67.16	24984	23549	0.25		203	360
#	#	1	#	#	#	#	0	2	0.053	0.556	1	67.65	24984	23581	0.25		197	354
1	#	#	0	0	0	1	0	2	0.203	0.727	1	122.09	24889	23609	0.75		16	22
1	#	1	1	1	#	0	#	2	0.221	0.739	1	99.23	24956	23611	0.62		34	46
0	1	1	#	0	1	#	1	3	0.031	0.5	1	72.5	24918	23638	0.75		10	20
0	1	#	0	0	#	1	0	3	0	0	1	90.78	23639	23639	0.75		0	21
0	1	0	0	#	#	#	1	1	0.228	0.744	1	111.1	24946	23641	0.62		32	43
#	#	0	0	1	1	0	1	1	0.237	0.75	1	82	24921	23641	0.75		15	20
0	0	0	#	0	#	#	0	0	0.294	0.783	2	92.32	24992	23671	0.62		36	46
1	#	#	#	#	0	1	#	2	0.058	0.565	1	69.02	24984	23704	0.38		91	161
#	0	0	1	1	0	0	#	1	0	0	1	94.36	23709	23709	0.75		0	21
#	#	1	1	#	0	#	0	2	0.227	0.744	1	113.8	24984	23730	0.5		58	78
0	#	0	#	1	1	#	#	1	0.232	0.747	1	103.01	24983	23731	0.5		59	79
#	#	0	#	1	1	#	#	1	0.057	0.564	1	75.32	24983	23739	0.38		88	156
#	1	#	1	#	#	#	1	3	0.048	0.545	1	62.04	24994	23742	0.38		84	154
#	0	1	0	#	1	1	#	3	0.217	0.737	2	79.45	24997	23765	0.62		28	38
0	0	1	0	0	0	#	#	2	0.175	0.706	1	61.5	24806	23782	0.75		12	17
#	0	#	1	1	#	0	0	0	0.217	0.737	1	81.46	24949	23814	0.62		28	38
0	1	#	0	1	1	#	#	1	0.227	0.744	1	89.01	24983	23817	0.62		29	39
#	1	1	#	0	#	#	1	3	0.056	0.562	1	54.71	24978	23826	0.5		41	73
0	#	0	0	#	0	#	#	0	0.248	0.756	1	93.77	24995	23830	0.5		59	78
1	0	#	0	#	0	1	#	2	0.237	0.75	2	90.71	24958	23831	0.62		27	36
#	0	#	0	#	1	#	1	3	0.296	0.784	4	106.45	24986	23841	0.5		58	74
#	1	0	0	#	0	#	#	0	0.254	0.76	2	79.66	24995	23852	0.5		57	75
1	#	#	#	1	0	1	1	3	0.196	0.722	1	50.26	24981	23853	0.62		26	36
1	#	1	0	#	1	0	#	3	0.226	0.743	1	110.11	24986	23876	0.62		26	35
0	1	0	0	1	#	0	#	0	0.196	0.722	1	131.88	24953	23880	0.75		13	18
#	1	#	1	1	1	1	0	3	0.237	0.75	1	70.29	24909	23885	0.75		12	16
1	1	#	1	0	0	1	#	1	0	0	1	95.46	23887	23887	0.75		0	17
0	0	1	0	#	1	#	#	3	0.285	0.778	1	57.32	24997	23892	0.62		28	36
1	1	1	#	1	0	#	#	2	0.262	0.765	1	99.1	24864	23898	0.62		26	34
0	#	0	#	#	0	1	#	0	0.226	0.743	1	76.69	24995	23900	0.5		52	70
0	#	0	0	1	#	0	#	0	0.262	0.765	1	105.73	24953	23909	0.62		26	34
#	0	#	0	#	#	#	1	3	0.061	0.572	1	92.05	24986	23912	0.38		79	138
0	1	0	0	#	1	1	#	1	0.262	0.765	1	122.98	24983	23922	0.75		13	17
0	0	#	#	#	0	0	0	0	0.296	0.784	1	97.11	24951	23925	0.62		29	37
0	0	0	#	0	0	0	#	1	0.01	0.4	1	90.64	24952	23928	0.75		8	20
#	0	1	0	0	0	#	1	3	0.031	0.5	1	70.65	24954	23930	0.75		8	16
1	0	0	#	0	1	0	#	3	0.023	0.471	1	74.35	24973	23949	0.75		8	17
#	0	0	1	0	1	#	0	0	0.031	0.5	1	70.56	24992	23964	0.75		9	18
0	#	1	0	1	1	1	0	3	0.031	0.5	1	41.55	24997	23973	0.88		4	8
1	1	#	1	0	#	0	0	2	0.022	0.467	1	74.12	24807	23978	0.75		7	15
1	1	#	1	#	#	0	1	3	0.225	0.742	4	81.77	24994	23998	0.62		23	31
1	0	1	0	#	1	0	#	3	0.212	0.733	1	136.94	24986	24008	0.75		11	15
#	1	#	0	#	1	#	#	1	0.065	0.579	1	79.18	24983	24011	0.38		70	121
#	1	0	0	#	1	0	#	1	0.265	0.767	1	96.13	24921	24015	0.62		23	30
0	0	#	1	#	#	0	1	1	0.225	0.742	1	81.76	24931	24030	0.62		23	31
#	0	1	#	0	#	#	0	2	0.052	0.554	1	77.78	24984	24037	0.5		31	56
#	1	0	#	0	#	0	#	1	0.048	0.545	1	79.22	24934	24045	0.5		30	55
0	0	1	0	0	#	1	#	2	0.159	0.692	1	59.45	24840	24072	0.75		9	13
0	0	1	0	#	#	1	0	2	0.159	0.692	1	57.66	24840	24072	0.75		9	13
#	#	0	1	#	0	#	0	0	0.26	0.764	3	75.15	24990	24078	0.5		42	55
0	0	0	#	#	#	#	1	1	0.21	0.732	1	84	24952	24083	0.5		41	56
0	#	#	1	0	1	0	1	1	0.299	0.786	1	123.24	24934	24083	0.75		11	14
0	1	0	1	#	#	#	1	1	0.223	0.741	1	70.21	24934	24113	0.62		20	27
0	#	#	#	#	#	#	1	1	0.051	0.552	1	54.86	24952	24113	0.25		122	221
0	#	0	1	#	0	#	#	0	0.216	0.736	1	77.25	24963	24116	0.5		39	53
0	#	0	1	#	#	1	1	1	0.208	0.731	1	77.77	24897	24129	0.62		19	26
1	#	0	0	1	0	1	1	3	0.014	0.429	1	39.41	24645	24133	0.88		3	7
0	0	#	#	1	#	0	0	0	0.269	0.769	3	84.61	24949	24135	0.62		20	26
#	0	#	1	0	0	0	1	1	0.159	0.692	1	56.28	24907	24139	0.75		9	13
#	1	1	#	0	0	#	0	2	0.173	0.704	1	89.37	24912	24144	0.62		19	27
1	#	1	1	#	#	1	0	2	0.285	0.778	2	109.71	24984	24144	0.62		21	27
0	0	1	#	1	1	#	1	1	0.014	0.429	1	66.58	24931	24163	0.75		6	14
0	0	0	0	#	0	0	#	0	0.262	0.765	1	87.04	24951	24165	0.75		13	17
#	#	0	#	0	1	0	1	1	0.193	0.72	2	128.83	24934	24166	0.62		18	25
#	0	1	0	#	1	#	1	2	0	0	1	110.09	24168	24168	0.62		0	27
0	#	#	1	1	0	0	#	0	0.269	0.769	2	74.76	24949	24173	0.62		20	26
#	0	#	1	#	0	0	0	0	0.223	0.741	1	88.6	24990	24181	0.62		20	27
#	1	0	#	#	0	#	0	0	0.262	0.765	2	93.47	24995	24189	0.5		39	51
1	#	#	0	1	#	#	0	2	0.055	0.56	1	77.36	24985	24193	0.5		28	50
1	#	#	1	#	0	0	#	2	0.042	0.529	1	71.03	24975	24207	0.5		27	51
1	#	1	0	0	#	#	1	3	0.254	0.76	1	109.83	24986	24210	0.62		19	25
#	#	1	1	0	#	1	0	2	0.254	0.76	2	101.59	24984	24211	0.62		19	25
1	1	1	1	#	#	1	0	2	0.237	0.75	1	115.89	24979	24211	0.75		9	12
0	1	0	0	1	#	1	#	1	0.159	0.692	1	108.38	24983	24215	0.75		9	13
#	#	1	1	1	1	#	1	3	0.186	0.714	1	79.85	24994	24226	0.62		15	21
#	0	0	1	1	#	#	0	0	0.221	0.739	1	71.38	24886	24232	0.62		17	23
0	#	#	#	0	0	1	#	0	0.229	0.745	2	68.76	24963	24233	0.5		35	47
#	0	#	1	#	#	#	1	1	0.057	0.564	1	61.17	24976	24235	0.38		53	94
#	0	1	#	#	0	0	0	2	0.221	0.739	1	109.94	24956	24239	0.62		17	23
0	0	#	1	0	#	1	#	0	0.257	0.762	3	89.87	24992	24247	0.62		16	21
1	1	#	1	0	#	0	0	3	0.031	0.5	1	75.57	24794	24252	0.75		5	10
#	0	1	#	1	0	#	0	2	0.221	0.739	1	110.42	24956	24262	0.62		17	23
0	1	#	0	#	1	1	1	3	0	0	1	118.6	24267	24267	0.75		0	11
0	0	#	1	0	0	1	#	1	0	0	1	98.93	24279	24279	0.75		0	8
#	#	1	0	0	0	1	1	2	0.203	0.727	1	56.99	24968	24294	0.75		8	11
0	1	#	0	1	0	0	1	3	0	0	1	68	24303	24303	0.88		0	4
#	#	1	0	1	0	0	#	2	0.257	0.762	1	102.46	24925	24305	0.62		16	21
1	1	#	1	1	#	1	#	3	0.132	0.667	1	76.91	24981	24321	0.62		12	18
#	#	0	#	#	1	0	1	1	0.257	0.762	1	105.85	24934	24323	0.5		32	42
#	#	0	#	1	#	1	1	1	0.237	0.75	2	65.41	24974	24324	0.5		33	44
#	0	1	0	0	1	1	0	1	0	0	1	77.4	24328	24328	0.88		0	5
1	1	1	#	1	#	#	1	3	0.175	0.706	1	78.58	24994	24348	0.62		12	17
0	1	1	1	#	0	#	0	3	0	0	1	68.22	24349	24349	0.75		0	10
1	1	0	0	#	0	#	#	0	0.276	0.773	1	54.58	24957	24364	0.62		17	22
1	0	#	#	1	#	1	1	3	0.186	0.714	1	86.24	24962	24365	0.62		15	21
1	0	#	0	1	#	0	#	2	0.186	0.714	2	92.26	24985	24366	0.62		15	21
1	0	#	0	1	#	0	0	0	0	0	1	100.58	24366	24366	0.75		0	10
#	#	1	#	1	1	1	#	3	0.262	0.765	2	82.86	24997	24368	0.5		26	34
#	0	0	#	#	1	#	1	1	0.181	0.711	1	91.14	24976	24373	0.5		27	38
0	#	#	0	#	0	#	#	0	0.07	0.588	1	73.75	24995	24376	0.38		47	80
1	0	#	0	#	0	#	0	0	0	0	1	125.51	24377	24377	0.62		0	18
1	#	1	#	#	#	#	1	3	0.207	0.73	1	92.19	24994	24382	0.38		54	74
#	1	#	1	1	#	0	#	2	0.068	0.583	1	86.04	24975	24384	0.5		21	36
1	0	#	0	1	1	#	#	3	0.217	0.737	1	84.61	24962	24414	0.62		14	19
#	1	0	#	1	#	1	1	1	0.217	0.737	1	69.1	24927	24415	0.62		14	19
#	0	0	#	#	#	1	1	1	0.04	0.526	1	67.6	24976	24417	0.5		20	38
#	0	1	0	1	1	1	#	1	0	0	1	90.65	24424	24424	0.75		0	9
1	0	#	0	0	1	#	#	3	0.307	0.789	2	110.58	24986	24430	0.62		15	19
#	1	0	#	1	0	#	0	0	0.285	0.778	2	93.73	24995	24441	0.62		14	18
0	1	0	0	#	#	0	0	0	0.237	0.75	1	124.93	24953	24441	0.75		6	8
1	0	#	#	#	1	1	#	3	0.042	0.529	1	74.58	24962	24450	0.5		18	34
#	0	#	0	0	1	#	#	3	0.07	0.588	1	93.37	24986	24461	0.5		20	34
1	0	0	1	#	1	#	#	1	0.196	0.722	1	58.33	24991	24464	0.62		13	18
#	1	#	1	#	#	1	0	2	0.063	0.576	1	79.3	24979	24467	0.5		19	33
#	0	#	1	0	#	1	0	3	0	0	1	86.29	24476	24476	0.62		0	17
#	1	#	1	#	1	#	1	3	0.212	0.733	2	92.88	24994	24482	0.5		22	30
0	1	0	0	#	#	#	0	0	0.237	0.75	1	116.67	24995	24483	0.62		12	16
#	#	0	1	#	1	0	1	1	0.212	0.733	1	106.57	24934	24496	0.62		11	15
0	#	0	0	0	0	#	1	1	0.014	0.429	1	70.06	24952	24512	0.75		3	7
#	#	0	0	0	#	1	0	0	0.212	0.733	1	95.44	24957	24517	0.62		11	15
1	#	1	0	0	1	0	#	2	0	0	1	126.5	24520	24520	0.75		0	7
#	0	1	#	0	1	0	#	3	0.212	0.733	1	103.98	24986	24520	0.62		11	15
1	#	1	#	#	#	1	1	3	0.159	0.692	1	82.6	24898	24531	0.5		18	26
1	0	#	0	1	1	1	#	1	0	0	1	105.27	24533	24533	0.75		0	7
1	0	#	0	#	0	1	#	0	0	0	1	90.04	24536	24536	0.62		0	14
1	#	1	1	#	1	0	#	3	0.186	0.714	1	88.51	24994	24545	0.62		10	14
#	0	1	1	#	1	1	#	3	0.003	0.308	1	68.27	24827	24546	0.62		4	13
0	#	0	0	#	#	0	#	0	0.051	0.552	1	100.52	24953	24547	0.5		16	29
#	1	0	0	#	#	0	1	1	0.159	0.692	2	86.2	24921	24557	0.62		9	13
1	1	#	#	1	#	0	0	2	0.299	0.786	1	91.04	24910	24565	0.62		11	14
0	1	#	0	#	0	#	0	1	0	0	1	98.54	24568	24568	0.62		0	14
#	0	0	#	1	1	1	0	1	0.078	0.6	1	58	24856	24600	0.75		3	5
1	#	1	0	1	0	#	1	2	0.132	0.667	1	75.64	24923	24604	0.75		4	6
#	1	1	1	1	1	1	#	2	0	0	1	90.25	24613	24613	0.75		0	4
#	1	0	#	1	#	#	0	0	0.047	0.542	1	88.4	24995	24620	0.5		13	24
1	0	#	0	1	#	#	#	2	0.021	0.462	1	90.82	24985	24622	0.5		12	26
1	#	#	0	#	1	0	1	3	0.402	0.833	2	119.99	24986	24623	0.62		10	12
0	0	#	1	1	#	#	0	1	0	0.2	1	78.82	24820	24631	0.62		2	10
#	1	1	#	#	0	#	#	2	0.052	0.553	1	54.69	24968	24639	0.38		26	47
1	1	1	#	#	1	#	#	3	0.116	0.65	1	87.11	24994	24644	0.5		13	20
1	0	#	0	1	#	1	#	3	0.203	0.727	1	93.66	24962	24645	0.62		8	11
0	1	#	0	1	#	0	#	0	0.132	0.667	2	99.84	24953	24648	0.62		8	12
#	0	0	1	0	#	#	1	1	0.285	0.778	2	87.21	24976	24651	0.62		7	9
1	1	#	1	1	#	1	0	2	0.031	0.5	1	90.36	24908	24652	0.75		3	6
#	1	#	1	#	#	#	0	2	0.069	0.585	1	78.11	24979	24652	0.38		24	41
1	1	1	1	0	0	1	0	1	0	0	1	178	24656	24656	1		0	1
1	0	#	0	#	#	1	#	3	0.024	0.476	1	90.87	24962	24670	0.5		10	21
#	#	#	0	0	#	1	0	1	0	0	1	87.4	24674	24674	0.5		0	18
1	0	1	0	0	#	1	#	2	0.237	0.75	1	131.5	24930	24674	0.75		3	4
0	0	#	1	#	#	0	1	0	0.01	0.4	1	82.16	24941	24675	0.62		4	10
0	0	#	#	1	0	0	#	0	0.328	0.8	1	84.06	24949	24685	0.62		8	10
0	#	0	0	#	0	0	0	2	0	0	1	132.36	24695	24695	0.75		0	6
0	0	0	#	#	0	#	#	3	0	0	1	80.11	24695	24695	0.5		0	19
#	0	1	0	#	#	0	1	3	0.285	0.778	1	113.78	24986	24698	0.62		7	9
1	#	1	0	1	0	#	#	2	0.237	0.75	1	100.51	24925	24715	0.62		6	8
1	1	1	#	#	0	#	#	2	0.175	0.706	1	85.71	24968	24715	0.5		12	17
1	0	0	1	0	#	#	#	1	0.019	0.455	1	57.17	24991	24720	0.62		5	11
1	1	#	#	1	0	1	1	3	0.237	0.75	1	54.75	24981	24725	0.75		3	4
1	#	#	1	#	1	#	1	3	0.212	0.733	1	90.45	24994	24738	0.5		11	15
#	0	1	#	1	#	1	#	3	0.056	0.562	1	82.65	24997	24741	0.5		9	16
0	#	#	1	1	#	#	0	0	0.043	0.533	1	67.27	24949	24744	0.5		8	15
#	1	0	0	1	#	#	0	0	0.186	0.714	1	92.28	24995	24748	0.62		5	7
#	0	#	1	0	#	#	1	1	0.045	0.538	1	72.14	24976	24752	0.5		7	13
0	#	0	0	#	1	1	#	1	0.186	0.714	1	108.5	24983	24755	0.62		5	7
1	0	#	0	0	0	#	0	0	0	0	1	142.67	24758	24758	0.75		0	3
0	#	#	1	#	0	1	0	0	0.402	0.833	1	81.12	24963	24759	0.62		5	6
1	0	1	0	#	#	0	1	3	0.132	0.667	1	141.33	24986	24761	0.75		2	3
1	1	0	1	0	#	0	0	3	0	0	1	61	24764	24764	0.88		0	1
1	#	#	#	0	1	#	1	3	0.237	0.75	1	114.35	24986	24769	0.5		9	12
#	1	0	#	0	#	#	0	0	0.061	0.571	1	72.09	24963	24773	0.5		8	14
#	#	0	0	0	#	1	#	0	0.043	0.533	1	67.02	24957	24773	0.5		8	15
1	0	#	0	#	0	1	#	1	0	0	1	87.24	24792	24792	0.62		0	6
1	1	#	#	0	1	0	#	3	0.132	0.667	1	112.33	24900	24794	0.62		2	3
#	1	1	1	#	#	#	0	2	0.237	0.75	2	94.67	24979	24796	0.5		9	12
#	1	1	#	0	#	1	#	2	0.068	0.583	1	69.41	24979	24796	0.5		7	12
0	#	#	0	0	1	0	#	2	0	0	1	60.25	24804	24804	0.62		0	4
1	#	1	#	0	#	1	0	0	0	0	1	122	24805	24805	0.62		0	5
#	#	#	0	0	0	1	#	2	0.008	0.385	1	64.13	24968	24806	0.5		5	13
0	1	#	#	0	1	1	0	0	1	1	1	44.5	24919	24811	0.75		2	2
#	1	0	#	1	0	0	#	0	0.132	0.667	1	79.12	24953	24815	0.62		4	6
#	0	#	1	1	1	1	#	1	0.328	0.8	1	74.8	24929	24820	0.62		4	5
#	1	#	1	#	#	0	0	2	0.132	0.667	1	79.61	24910	24821	0.5		6	9
#	1	1	1	#	#	0	0	2	0.328	0.8	1	90.2	24910	24825	0.62		4	5
0	0	0	#	1	1	#	#	1	0.004	0.333	1	98	24835	24835	0.62		1	3
0	#	#	#	1	1	#	#	1	0.039	0.522	1	68.6	24983	24835	0.38		12	23
0	#	#	#	1	#	#	1	1	0.058	0.565	1	56.12	24931	24836	0.38		13	23
1	1	1	#	0	#	1	#	2	0.328	0.8	1	108.2	24979	24837	0.62		4	5
0	1	#	#	#	1	#	#	1	0.031	0.5	1	81.84	24983	24841	0.38		9	18
#	#	#	1	#	0	#	0	0	0.023	0.471	1	95.39	24990	24846	0.38		8	17
#	0	#	1	#	0	1	#	0	0.002	0.286	1	68.57	24887	24849	0.5		2	7
#	1	1	1	0	#	0	1	2	0	0	1	59	24850	24850	0.75		0	2
#	#	#	1	0	#	0	1	3	0.031	0.5	1	82.69	24947	24850	0.5		5	10
#	0	0	1	1	1	1	#	2	0	0	1	97	24856	24856	0.75		0	1
0	#	#	#	1	#	1	#	1	0.045	0.538	1	63.05	24983	24857	0.38		7	13
#	1	1	1	0	#	0	0	2	0	0	1	45	24861	24861	0.75		0	1
0	1	1	#	1	#	1	0	3	0.024	0.753	1	61.7	24869	24869	0.75		0	0
0	#	#	1	1	0	0	#	1	0	0	1	66.25	24874	24874	0.62		0	4
#	#	0	0	1	#	#	0	1	0	0.2	1	81.34	24983	24876	0.5		2	10
#	1	#	#	1	1	1	0	3	0.004	0.333	1	82.67	24909	24880	0.62		1	3
#	#	0	#	#	0	#	#	0	0.054	0.559	1	67.22	24995	24884	0.25		19	34
#	#	0	1	#	0	1	#	0	0.001	0.25	1	53.95	24963	24886	0.5		2	8
#	0	1	1	#	0	#	0	0	0.004	0.333	1	112.33	24949	24887	0.62		1	3
#	1	0	#	0	0	1	0	0	1	1	2	88	24963	24888	0.75		2	2
#	1	0	0	0	#	1	0	1	0	0	1	80	24888	24888	0.75		0	1
1	#	#	#	0	0	0	1	3	0.237	0.75	1	49.5	24978	24892	0.62		3	4
#	0	0	#	1	1	#	1	1	0.031	0.5	1	100	24929	24893	0.62		1	2
#	1	1	1	#	0	#	#	1	0	0	1	108.6	24895	24895	0.5		0	5
0	#	0	#	1	#	#	1	1	0.078	0.6	2	82.8	24927	24897	0.5		3	5
#	0	#	0	1	1	1	1	3	1	1	1	95	24962	24898	0.75		2	2
1	1	0	0	1	0	#	#	1	0.031	0.5	1	59.5	24902	24902	0.75		1	2
#	#	0	0	#	#	0	#	0	0.048	0.545	1	76.17	24953	24904	0.38		6	11
#	0	#	1	0	#	0	#	1	0.014	0.429	1	63.7	24991	24907	0.5		3	7
1	#	1	#	1	1	#	#	3	0.01	0.4	1	84.6	24994	24909	0.5		2	5
1	1	#	1	0	0	1	#	3	0	0	1	178	24911	24911	0.75		0	1
#	0	#	1	0	#	0	#	0	0	0.167	1	61.36	24990	24913	0.5		1	6
#	#	#	#	0	1	#	1	3	0.095	0.625	1	109.89	24986	24918	0.38		5	8
0	1	#	#	0	1	1	0	2	0.024	0.75	1	79	24919	24919	0.75		0	0
1	#	#	#	1	#	0	#	2	0.068	0.583	1	78.8	24985	24923	0.38		7	12
1	0	#	#	1	#	0	#	2	0.031	0.5	1	76.28	24985	24925	0.5		3	6
0	#	0	#	1	#	#	1	2	0	0	1	73	24927	24927	0.5		0	3
1	0	#	0	#	1	#	1	0	0	0	1	126.75	24928	24928	0.62		0	4
0	0	#	1	1	#	0	1	1	0	0	1	72.5	24931	24931	0.75		0	2
0	0	#	#	1	1	#	#	1	0	0	1	63	24931	24931	0.5		0	4
1	1	#	1	0	#	0	1	2	0.025	0.759	1	81.57	24932	24932	0.75		0	0
#	1	#	1	#	#	0	1	3	0.004	0.333	1	94.67	24994	24932	0.5		1	3
0	0	#	#	#	0	0	#	0	0.078	0.6	1	68.2	24951	24941	0.5		3	5
#	0	#	0	#	#	0	1	3	0.132	0.667	1	113	24986	24942	0.5		2	3
0	#	0	#	#	1	#	1	3	0.1	1	1	121.66	24946	24946	0.5		0	0
0	0	0	#	#	#	#	#	0	0.237	0.75	1	72	24992	24951	0.38		3	4
0	0	#	#	0	0	0	0	0	0.064	0.889	1	87	24951	24951	0.75		0	0
0	1	#	#	1	0	#	0	0	1	1	1	95	24995	24953	0.62		1	1
#	0	1	0	0	#	0	1	2	0	0	1	216	24954	24954	0.75		0	1
#	1	0	#	0	0	#	0	0	1	1	1	96	24963	24957	0.62		1	1
1	0	#	#	0	1	0	0	3	0	0	1	50	24973	24973	0.75		0	1
#	0	0	#	1	#	1	1	1	0.1	1	1	94.34	24974	24974	0.62		0	0
1	#	#	1	1	0	0	1	2	0	0	1	52	24975	24975	0.75		0	1
1	1	#	1	1	#	0	1	0	0	0	1	111	24975	24975	0.75		0	1
#	0	0	1	#	#	1	#	1	0	0	1	66.5	24976	24976	0.5		0	2
0	0	1	0	#	#	1	#	3	0.064	0.889	1	57.32	24997	24997	0.62		0	0